x y z track_id event_id time_left time_right
-87.58264 -89.660065 -283.71667 0 9 0.32373529411764707 0.7350882352941177
-102.766205 -103.59061 -282.53882 0 9 0.32373529411764707 0.7350882352941177
-117.84936 -117.639465 -281.99146 0 9 0.32373529411764707 0.7350882352941177
-132.54254 -132.09224 -281.05975 0 9 0.32373529411764707 0.7350882352941177
-147.28444 -146.50798 -280.22095 0 9 0.32373529411764707 0.7350882352941177
-161.67891 -161.2793 -279.44467 0 9 0.32373529411764707 0.7350882352941177
-176.05948 -176.07155 -278.55164 0 9 0.32373529411764707 0.7350882352941177
-190.27615 -191.0316 -277.85254 0 9 0.32373529411764707 0.7350882352941177
-204.41046 -206.0748 -276.84274 0 9 0.32373529411764707 0.7350882352941177
-218.2134 -221.44998 -275.9277 0 9 0.32373529411764707 0.7350882352941177
-231.96594 -236.87097 -275.11142 0 9 0.32373529411764707 0.7350882352941177
-245.48326 -252.5231 -274.27243 0 9 0.32373529411764707 0.7350882352941177
-258.97903 -268.18427 -273.30762 0 9 0.32373529411764707 0.7350882352941177
-272.25662 -284.05383 -272.5158 0 9 0.32373529411764707 0.7350882352941177
-285.31192 -300.13483 -271.51984 0 9 0.32373529411764707 0.7350882352941177
-298.28854 -316.27383 -270.77963 0 9 0.32373529411764707 0.7350882352941177
-311.07825 -332.5817 -269.74857 0 9 0.32373529411764707 0.7350882352941177
-323.60165 -349.14194 -269.03705 0 9 0.32373529411764707 0.7350882352941177
-336.00095 -365.79996 -268.26334 0 9 0.32373529411764707 0.7350882352941177
-348.42822 -382.38467 -267.40286 0 9 0.32373529411764707 0.7350882352941177
-360.4138 -399.40802 -266.45334 0 9 0.32373529411764707 0.7350882352941177
-372.3426 -416.44482 -265.64157 0 9 0.32373529411764707 0.7350882352941177
-395.54297 -451.08804 -263.9313 0 9 0.32373529411764707 0.7350882352941177
-406.9853 -468.49515 -262.91324 0 9 0.32373529411764707 0.7350882352941177
-418.16476 -486.1354 -262.1402 0 9 0.32373529411764707 0.7350882352941177
-429.2467 -503.81473 -261.17566 0 9 0.32373529411764707 0.7350882352941177
-439.97168 -521.83496 -260.38177 0 9 0.32373529411764707 0.7350882352941177
-450.72464 -539.73816 -259.4132 0 9 0.32373529411764707 0.7350882352941177
-461.06094 -558.05176 -258.95615 0 9 0.32373529411764707 0.7350882352941177
-471.47125 -576.1816 -257.739 0 9 0.32373529411764707 0.7350882352941177
-481.46338 -594.72253 -256.8109 0 9 0.32373529411764707 0.7350882352941177
-491.5341 -613.0605 -256.01843 0 9 0.32373529411764707 0.7350882352941177
-501.1179 -631.8949 -255.33174 0 9 0.32373529411764707 0.7350882352941177
-510.64484 -650.6863 -254.15016 0 9 0.32373529411764707 0.7350882352941177
-127.792274 -70.62134 -68.9989 1 3 0.0 0.3821470588235294
-145.41454 -81.16544 -94.87254 1 3 0.0 0.3821470588235294
-163.20766 -91.53866 -120.89051 1 3 0.0 0.3821470588235294
-181.06436 -101.79974 -147.31729 1 3 0.0 0.3821470588235294
-199.17516 -111.840904 -173.34557 1 3 0.0 0.3821470588235294
-216.8413 -122.0544 -199.28644 1 3 0.0 0.3821470588235294
-235.09491 -131.8593 -225.31717 1 3 0.0 0.3821470588235294
-253.34409 -141.58795 -251.38626 1 3 0.0 0.3821470588235294
-271.27975 -151.41187 -277.5364 1 3 0.0 0.3821470588235294
-289.6446 -160.9155 -303.48206 1 3 0.0 0.3821470588235294
-308.01636 -170.33412 -329.79807 1 3 0.0 0.3821470588235294
-326.26062 -179.7407 -355.9158 1 3 0.0 0.3821470588235294
-344.84915 -188.8746 -382.0162 1 3 0.0 0.3821470588235294
-363.38873 -197.95177 -408.04846 1 3 0.0 0.3821470588235294
-382.08463 -206.85936 -434.12134 1 3 0.0 0.3821470588235294
-419.24356 -224.54254 -486.46774 1 3 0.0 0.3821470588235294
-438.08356 -233.11353 -512.3179 1 3 0.0 0.3821470588235294
-456.97293 -241.57043 -538.5149 1 3 0.0 0.3821470588235294
-475.81247 -249.96466 -564.9596 1 3 0.0 0.3821470588235294
-494.6206 -258.28476 -590.7875 1 3 0.0 0.3821470588235294
-513.83466 -266.30243 -617.1571 1 3 0.0 0.3821470588235294
-532.8719 -274.3207 -643.3704 1 3 0.0 0.3821470588235294
-552.0526 -282.17267 -669.6117 1 3 0.0 0.3821470588235294
-571.0486 -290.02527 -695.5589 1 3 0.0 0.3821470588235294
-609.5676 -305.178 -747.90204 1 3 0.0 0.3821470588235294
-628.8138 -312.61703 -774.2314 1 3 0.0 0.3821470588235294
-648.38776 -319.7966 -800.4992 1 3 0.0 0.3821470588235294
-667.8509 -326.93384 -826.55115 1 3 0.0 0.3821470588235294
-687.29803 -333.9802 -852.7931 1 3 0.0 0.3821470588235294
-706.84375 -340.87894 -878.93896 1 3 0.0 0.3821470588235294
-726.5002 -347.6242 -905.4346 1 3 0.0 0.3821470588235294
-746.05304 -354.3177 -931.76886 1 3 0.0 0.3821470588235294
-765.8168 -360.80893 -957.9919 1 3 0.0 0.3821470588235294
136.33543 26.648369 417.6999 2 11 0.4413823529411765 0.8527352941176471
155.63147 33.831818 442.65808 2 11 0.4413823529411765 0.8527352941176471
174.75401 41.20643 467.71988 2 11 0.4413823529411765 0.8527352941176471
194.11261 48.674026 492.66455 2 11 0.4413823529411765 0.8527352941176471
232.22559 64.20058 542.4245 2 11 0.4413823529411765 0.8527352941176471
251.36082 72.159325 567.65436 2 11 0.4413823529411765 0.8527352941176471
270.23907 80.33482 592.59094 2 11 0.4413823529411765 0.8527352941176471
288.9957 88.690575 617.60614 2 11 0.4413823529411765 0.8527352941176471
307.7387 97.19321 642.6509 2 11 0.4413823529411765 0.8527352941176471
326.5937 105.799866 667.8001 2 11 0.4413823529411765 0.8527352941176471
345.34424 114.57738 692.7468 2 11 0.4413823529411765 0.8527352941176471
363.8339 123.57912 717.8654 2 11 0.4413823529411765 0.8527352941176471
382.2902 132.72975 742.7638 2 11 0.4413823529411765 0.8527352941176471
400.84042 141.98259 768.0019 2 11 0.4413823529411765 0.8527352941176471
419.14392 151.45648 793.0488 2 11 0.4413823529411765 0.8527352941176471
437.6144 161.00201 818.05457 2 11 0.4413823529411765 0.8527352941176471
455.79504 170.78484 843.0604 2 11 0.4413823529411765 0.8527352941176471
473.96628 180.70152 868.37805 2 11 0.4413823529411765 0.8527352941176471
492.02908 190.78844 893.5264 2 11 0.4413823529411765 0.8527352941176471
509.98053 201.04655 918.4063 2 11 0.4413823529411765 0.8527352941176471
527.8027 211.48296 943.6798 2 11 0.4413823529411765 0.8527352941176471
563.31824 232.78409 993.9678 2 11 0.4413823529411765 0.8527352941176471
581.1779 243.57617 1019.186 2 11 0.4413823529411765 0.8527352941176471
598.75024 254.60889 1044.2432 2 11 0.4413823529411765 0.8527352941176471
616.3285 265.75873 1069.45 2 11 0.4413823529411765 0.8527352941176471
633.96313 277.00113 1094.6189 2 11 0.4413823529411765 0.8527352941176471
651.09784 288.5793 1120.0623 2 11 0.4413823529411765 0.8527352941176471
668.11676 300.32733 1145.2233 2 11 0.4413823529411765 0.8527352941176471
685.6944 311.93774 1170.4299 2 11 0.4413823529411765 0.8527352941176471
702.5306 323.9977 1195.7462 2 11 0.4413823529411765 0.8527352941176471
719.6526 336.03818 1221.1168 2 11 0.4413823529411765 0.8527352941176471
736.4609 348.33514 1246.1107 2 11 0.4413823529411765 0.8527352941176471
753.17676 360.7856 1271.7764 2 11 0.4413823529411765 0.8527352941176471
128.98102 -73.993454 -217.54926 3 9 0.32373529411764707 0.7350882352941177
146.47314 -84.73325 -206.72348 3 9 0.32373529411764707 0.7350882352941177
164.24178 -95.2579 -195.90454 3 9 0.32373529411764707 0.7350882352941177
182.0592 -105.69805 -184.88464 3 9 0.32373529411764707 0.7350882352941177
199.70589 -116.18125 -173.95645 3 9 0.32373529411764707 0.7350882352941177
217.7145 -126.39764 -163.03821 3 9 0.32373529411764707 0.7350882352941177
235.46266 -136.70856 -152.18912 3 9 0.32373529411764707 0.7350882352941177
253.4421 -146.82791 -141.34564 3 9 0.32373529411764707 0.7350882352941177
271.32062 -156.948 -130.21759 3 9 0.32373529411764707 0.7350882352941177
307.53015 -176.75177 -108.3143 3 9 0.32373529411764707 0.7350882352941177
325.44327 -186.6752 -97.3449 3 9 0.32373529411764707 0.7350882352941177
343.9034 -196.22574 -86.68139 3 9 0.32373529411764707 0.7350882352941177
361.93777 -205.95953 -75.53035 3 9 0.32373529411764707 0.7350882352941177
380.18616 -215.51057 -64.684555 3 9 0.32373529411764707 0.7350882352941177
398.6109 -224.90082 -53.726814 3 9 0.32373529411764707 0.7350882352941177
416.95322 -234.27621 -42.728844 3 9 0.32373529411764707 0.7350882352941177
435.31723 -243.5772 -31.687956 3 9 0.32373529411764707 0.7350882352941177
453.8602 -252.71558 -20.996428 3 9 0.32373529411764707 0.7350882352941177
472.33817 -261.8272 -10.042394 3 9 0.32373529411764707 0.7350882352941177
490.7529 -270.90988 0.89574534 3 9 0.32373529411764707 0.7350882352941177
509.47736 -279.75757 11.808992 3 9 0.32373529411764707 0.7350882352941177
528.2529 -288.51328 22.818716 3 9 0.32373529411764707 0.7350882352941177
546.8886 -297.28052 33.73885 3 9 0.32373529411764707 0.7350882352941177
565.547 -305.9694 44.638123 3 9 0.32373529411764707 0.7350882352941177
584.50287 -314.43155 55.77784 3 9 0.32373529411764707 0.7350882352941177
603.27594 -322.92575 66.54713 3 9 0.32373529411764707 0.7350882352941177
622.28406 -331.22726 77.66228 3 9 0.32373529411764707 0.7350882352941177
641.1094 -339.55856 88.55549 3 9 0.32373529411764707 0.7350882352941177
660.1561 -347.70447 99.48368 3 9 0.32373529411764707 0.7350882352941177
679.1021 -355.83487 110.39301 3 9 0.32373529411764707 0.7350882352941177
698.05237 -363.89343 121.52469 3 9 0.32373529411764707 0.7350882352941177
717.269 -371.74365 132.35852 3 9 0.32373529411764707 0.7350882352941177
736.4482 -379.54358 143.51447 3 9 0.32373529411764707 0.7350882352941177
755.5461 -387.31467 154.44293 3 9 0.32373529411764707 0.7350882352941177
-95.51431 -88.2171 -499.19086 4 1 0.0 0.2645
-111.0834 -101.77834 -537.25226 4 1 0.0 0.2645
-126.36737 -115.67825 -575.52783 4 1 0.0 0.2645
-141.41565 -129.86266 -613.98846 4 1 0.0 0.2645
-155.88889 -144.63669 -652.38196 4 1 0.0 0.2645
-184.70032 -174.44872 -729.5881 4 1 0.0 0.2645
-198.33855 -190.12495 -768.1208 4 1 0.0 0.2645
-211.95981 -205.83365 -806.48517 4 1 0.0 0.2645
-225.2985 -221.81622 -845.3898 4 1 0.0 0.2645
-238.17134 -238.24573 -884.3502 4 1 0.0 0.2645
-250.7795 -254.91577 -922.8696 4 1 0.0 0.2645
-263.16296 -271.77325 -961.78485 4 1 0.0 0.2645
-275.04465 -289.0947 -1000.8734 4 1 0.0 0.2645
-286.68622 -306.60004 -1039.7217 4 1 0.0 0.2645
-297.96863 -324.40378 -1078.8274 4 1 0.0 0.2645
-309.02386 -342.35077 -1118.0789 4 1 0.0 0.2645
-319.60873 -360.69778 -1157.6167 4 1 0.0 0.2645
-330.02374 -379.0963 -1196.7139 4 1 0.0 0.2645
-349.32477 -417.17084 -1275.8672 4 1 0.0 0.2645
-358.40787 -436.60382 -1315.6432 4 1 0.0 0.2645
-367.40744 -455.9197 -1355.5776 4 1 0.0 0.2645
-375.71225 -475.8584 -1395.3209 4 1 0.0 0.2645
-383.71805 -495.91916 -1435.5005 4 1 0.0 0.2645
-391.39404 -516.1223 -1475.8573 4 1 0.0 0.2645
-398.59424 -536.64545 -1516.0743 4 1 0.0 0.2645
-405.38504 -557.38904 -1556.6045 4 1 0.0 0.2645
-411.76578 -578.3394 -1597.297 4 1 0.0 0.2645
-417.7326 -599.48645 -1638.3203 4 1 0.0 0.2645
-428.29916 -642.49066 -1720.2798 4 1 0.0 0.2645
-432.9137 -664.2962 -1761.798 4 1 0.0 0.2645
-437.1282 -686.2093 -1803.3951 4 1 0.0 0.2645
-440.74765 -708.51935 -1845.1091 4 1 0.0 0.2645
-104.3071 -107.167854 -981.8232 5 8 0.26491176470588235 0.676264705882353
-118.402214 -122.19568 -1164.1102 5 8 0.26491176470588235 0.676264705882353
-132.09883 -137.61877 -1346.3354 5 8 0.26491176470588235 0.676264705882353
-145.51031 -153.31822 -1528.8707 5 8 0.26491176470588235 0.676264705882353
-158.88487 -169.02785 -1711.2573 5 8 0.26491176470588235 0.676264705882353
-172.0364 -184.9372 -1893.8728 5 8 0.26491176470588235 0.676264705882353
-184.83546 -201.18251 -2076.5984 5 8 0.26491176470588235 0.676264705882353
-197.45782 -217.5705 -2259.3276 5 8 0.26491176470588235 0.676264705882353
26.942108 -136.31538 -171.58736 6 9 0.32373529411764707 0.7350882352941177
28.108892 -156.86034 -153.70172 6 9 0.32373529411764707 0.7350882352941177
29.092022 -177.45052 -135.53867 6 9 0.32373529411764707 0.7350882352941177
29.903702 -198.01242 -117.49606 6 9 0.32373529411764707 0.7350882352941177
30.53596 -218.5909 -99.66243 6 9 0.32373529411764707 0.7350882352941177
30.976473 -239.28122 -81.829735 6 9 0.32373529411764707 0.7350882352941177
31.275385 -259.6882 -63.905136 6 9 0.32373529411764707 0.7350882352941177
31.350931 -280.47296 -45.772087 6 9 0.32373529411764707 0.7350882352941177
30.574903 -342.25742 8.274902 6 9 0.32373529411764707 0.7350882352941177
29.943884 -363.02554 26.2223 6 9 0.32373529411764707 0.7350882352941177
28.169376 -404.2833 62.16002 6 9 0.32373529411764707 0.7350882352941177
27.019217 -424.815 80.19905 6 9 0.32373529411764707 0.7350882352941177
25.668604 -445.68805 98.25459 6 9 0.32373529411764707 0.7350882352941177
24.166292 -466.07428 116.377884 6 9 0.32373529411764707 0.7350882352941177
22.463444 -486.84763 134.2982 6 9 0.32373529411764707 0.7350882352941177
20.593676 -507.33862 152.39906 6 9 0.32373529411764707 0.7350882352941177
16.294044 -548.83563 188.40578 6 9 0.32373529411764707 0.7350882352941177
13.8817835 -569.3437 206.68398 6 9 0.32373529411764707 0.7350882352941177
11.291469 -589.67377 224.52405 6 9 0.32373529411764707 0.7350882352941177
8.511908 -610.4321 242.5621 6 9 0.32373529411764707 0.7350882352941177
5.555927 -630.921 260.9405 6 9 0.32373529411764707 0.7350882352941177
2.417783 -651.58704 278.90308 6 9 0.32373529411764707 0.7350882352941177
-0.90027183 -672.04004 297.17514 6 9 0.32373529411764707 0.7350882352941177
-4.4003987 -692.4301 315.058 6 9 0.32373529411764707 0.7350882352941177
-8.0812 -712.9517 333.25732 6 9 0.32373529411764707 0.7350882352941177
-11.945649 -733.29254 351.52563 6 9 0.32373529411764707 0.7350882352941177
-15.988266 -753.829 369.71124 6 9 0.32373529411764707 0.7350882352941177
-20.218128 -774.09564 387.74097 6 9 0.32373529411764707 0.7350882352941177
-24.620924 -794.675 406.18262 6 9 0.32373529411764707 0.7350882352941177
-29.212868 -814.9807 424.13232 6 9 0.32373529411764707 0.7350882352941177
-33.98402 -835.34863 442.46808 6 9 0.32373529411764707 0.7350882352941177
-109.65076 102.092094 5.505441 7 12 0.5002058823529412 0.9115588235294119
-124.6123 116.24616 -6.6043983 7 12 0.5002058823529412 0.9115588235294119
-139.42381 130.55191 -19.089605 7 12 0.5002058823529412 0.9115588235294119
-154.14032 144.95747 -31.380445 7 12 0.5002058823529412 0.9115588235294119
-183.44504 173.91718 -55.622375 7 12 0.5002058823529412 0.9115588235294119
-197.97595 188.52325 -67.96855 7 12 0.5002058823529412 0.9115588235294119
-212.43752 203.20125 -80.58634 7 12 0.5002058823529412 0.9115588235294119
-226.85432 217.92648 -92.555046 7 12 0.5002058823529412 0.9115588235294119
-241.02666 232.89056 -105.060356 7 12 0.5002058823529412 0.9115588235294119
-255.19577 247.86067 -117.216934 7 12 0.5002058823529412 0.9115588235294119
-269.2418 262.9518 -129.39336 7 12 0.5002058823529412 0.9115588235294119
-283.1627 278.16577 -141.81964 7 12 0.5002058823529412 0.9115588235294119
-297.05823 293.4038 -154.16954 7 12 0.5002058823529412 0.9115588235294119
-310.94418 308.64847 -166.43452 7 12 0.5002058823529412 0.9115588235294119
-324.47015 324.24756 -178.80052 7 12 0.5002058823529412 0.9115588235294119
-338.29868 339.53937 -191.03993 7 12 0.5002058823529412 0.9115588235294119
-351.69318 355.26047 -203.3476 7 12 0.5002058823529412 0.9115588235294119
-365.19418 370.8668 -215.5403 7 12 0.5002058823529412 0.9115588235294119
-378.51242 386.64972 -228.01534 7 12 0.5002058823529412 0.9115588235294119
-391.8112 402.44223 -240.17207 7 12 0.5002058823529412 0.9115588235294119
-405.0776 418.2555 -252.65326 7 12 0.5002058823529412 0.9115588235294119
-417.81937 434.59933 -264.92477 7 12 0.5002058823529412 0.9115588235294119
-431.00623 450.46698 -277.09668 7 12 0.5002058823529412 0.9115588235294119
-443.89047 466.63397 -289.51895 7 12 0.5002058823529412 0.9115588235294119
-456.73782 482.8223 -301.75546 7 12 0.5002058823529412 0.9115588235294119
-469.2808 499.3146 -314.2412 7 12 0.5002058823529412 0.9115588235294119
-481.91415 515.6916 -326.3714 7 12 0.5002058823529412 0.9115588235294119
-494.46567 532.1342 -338.4657 7 12 0.5002058823529412 0.9115588235294119
-506.93732 548.6394 -351.2572 7 12 0.5002058823529412 0.9115588235294119
-519.04816 565.51184 -363.37564 7 12 0.5002058823529412 0.9115588235294119
-531.37396 582.12506 -375.68887 7 12 0.5002058823529412 0.9115588235294119
-555.4893 615.85535 -400.67444 7 12 0.5002058823529412 0.9115588235294119
-567.4074 632.8307 -412.86905 7 12 0.5002058823529412 0.9115588235294119
-179.2227 -5.7309957 96.09035 8 4 0.029617647058823526 0.4409705882352941
-199.96698 -7.5468554 109.26659 8 4 0.029617647058823526 0.4409705882352941
-220.5761 -9.649593 122.26009 8 4 0.029617647058823526 0.4409705882352941
-240.77885 -12.05483 134.99055 8 4 0.029617647058823526 0.4409705882352941
-261.61392 -14.711342 148.41713 8 4 0.029617647058823526 0.4409705882352941
-281.98132 -17.675526 161.29733 8 4 0.029617647058823526 0.4409705882352941
-302.27005 -20.92889 174.60808 8 4 0.029617647058823526 0.4409705882352941
-322.79968 -24.448128 187.47743 8 4 0.029617647058823526 0.4409705882352941
-343.11862 -28.264917 200.4886 8 4 0.029617647058823526 0.4409705882352941
-363.51575 -32.356888 213.8909 8 4 0.029617647058823526 0.4409705882352941
-383.82422 -36.737522 226.63126 8 4 0.029617647058823526 0.4409705882352941
-403.99814 -41.412277 239.92134 8 4 0.029617647058823526 0.4409705882352941
-424.14328 -46.371243 253.01538 8 4 0.029617647058823526 0.4409705882352941
-444.2241 -51.617943 266.27524 8 4 0.029617647058823526 0.4409705882352941
-464.4197 -57.13039 279.49976 8 4 0.029617647058823526 0.4409705882352941
-484.36206 -62.952644 292.4346 8 4 0.029617647058823526 0.4409705882352941
-504.56305 -69.01845 305.7365 8 4 0.029617647058823526 0.4409705882352941
-524.39453 -75.41116 318.921 8 4 0.029617647058823526 0.4409705882352941
-544.28015 -82.07299 332.303 8 4 0.029617647058823526 0.4409705882352941
-563.9171 -89.048836 345.55148 8 4 0.029617647058823526 0.4409705882352941
-583.6499 -96.28528 358.71045 8 4 0.029617647058823526 0.4409705882352941
-603.1123 -103.84135 372.02914 8 4 0.029617647058823526 0.4409705882352941
-622.90765 -111.61266 385.40726 8 4 0.029617647058823526 0.4409705882352941
-642.3751 -119.71305 398.5743 8 4 0.029617647058823526 0.4409705882352941
-661.8162 -128.08896 411.95044 8 4 0.029617647058823526 0.4409705882352941
-681.0476 -136.77538 425.23642 8 4 0.029617647058823526 0.4409705882352941
-700.1026 -145.76749 438.66415 8 4 0.029617647058823526 0.4409705882352941
-719.31134 -154.99542 452.0784 8 4 0.029617647058823526 0.4409705882352941
-738.2899 -164.53862 465.53528 8 4 0.029617647058823526 0.4409705882352941
-776.0232 -184.4689 492.77484 8 4 0.029617647058823526 0.4409705882352941
-794.8995 -194.8235 506.2345 8 4 0.029617647058823526 0.4409705882352941
-813.1292 -205.59828 519.68524 8 4 0.029617647058823526 0.4409705882352941
-91.42978 117.459236 3.8303854 9 15 0.6766764705882353 1.0
-104.256004 133.6035 -6.9120274 9 15 0.6766764705882353 1.0
-117.031654 149.7679 -17.610287 9 15 0.6766764705882353 1.0
-129.6883 166.03949 -28.199306 9 15 0.6766764705882353 1.0
-142.38113 182.21896 -38.86907 9 15 0.6766764705882353 1.0
-154.95387 198.50502 -49.61808 9 15 0.6766764705882353 1.0
-167.39809 214.90755 -60.338066 9 15 0.6766764705882353 1.0
-191.92224 248.03197 -81.77612 9 15 0.6766764705882353 1.0
-204.06332 264.67334 -92.27755 9 15 0.6766764705882353 1.0
-215.85188 281.7202 -103.16263 9 15 0.6766764705882353 1.0
-227.90933 298.36264 -113.80363 9 15 0.6766764705882353 1.0
-251.4067 332.2859 -135.1755 9 15 0.6766764705882353 1.0
-263.0784 349.2611 -145.95306 9 15 0.6766764705882353 1.0
-274.76443 366.15533 -156.6464 9 15 0.6766764705882353 1.0
-285.9247 383.68942 -167.14023 9 15 0.6766764705882353 1.0
-297.25882 400.92838 -177.96008 9 15 0.6766764705882353 1.0
-308.5971 418.0954 -188.6638 9 15 0.6766764705882353 1.0
-319.67383 435.54922 -199.45453 9 15 0.6766764705882353 1.0
-330.69806 453.0061 -210.20958 9 15 0.6766764705882353 1.0
-341.58307 470.58334 -220.93289 9 15 0.6766764705882353 1.0
-352.53705 487.9926 -231.58974 9 15 0.6766764705882353 1.0
-363.0664 505.91635 -242.285 9 15 0.6766764705882353 1.0
-373.774 523.51685 -252.98956 9 15 0.6766764705882353 1.0
-384.25302 541.3594 -263.7031 9 15 0.6766764705882353 1.0
-394.61557 559.28723 -274.38754 9 15 0.6766764705882353 1.0
-404.93985 577.1883 -285.18893 9 15 0.6766764705882353 1.0
-415.1133 595.2213 -296.09152 9 15 0.6766764705882353 1.0
-425.0422 613.52167 -306.71985 9 15 0.6766764705882353 1.0
-435.22467 631.36926 -317.64105 9 15 0.6766764705882353 1.0
-445.0596 649.631 -328.13632 9 15 0.6766764705882353 1.0
-454.81265 667.9223 -338.95547 9 15 0.6766764705882353 1.0
-464.54388 686.15265 -349.76593 9 15 0.6766764705882353 1.0
-474.029 704.6522 -360.37387 9 15 0.6766764705882353 1.0
128.0526 -58.43726 399.22998 10 0 0.0 0.2056764705882353
146.5713 -67.13205 424.19296 10 0 0.0 0.2056764705882353
165.33414 -75.604416 448.74997 10 0 0.0 0.2056764705882353
184.40681 -83.82399 473.54822 10 0 0.0 0.2056764705882353
203.30183 -92.01248 498.2676 10 0 0.0 0.2056764705882353
222.16463 -100.10201 522.9612 10 0 0.0 0.2056764705882353
241.2045 -107.99721 547.84534 10 0 0.0 0.2056764705882353
260.13266 -115.826706 572.50916 10 0 0.0 0.2056764705882353
279.36765 -123.403244 597.3436 10 0 0.0 0.2056764705882353
298.7764 -130.78677 622.0302 10 0 0.0 0.2056764705882353
318.08154 -138.09828 646.82404 10 0 0.0 0.2056764705882353
356.56976 -152.41449 696.68933 10 0 0.0 0.2056764705882353
376.2599 -159.20074 721.4069 10 0 0.0 0.2056764705882353
395.69977 -165.97145 746.1887 10 0 0.0 0.2056764705882353
415.2925 -172.55475 770.95074 10 0 0.0 0.2056764705882353
434.89105 -179.01157 795.7872 10 0 0.0 0.2056764705882353
454.7165 -185.25041 820.55743 10 0 0.0 0.2056764705882353
474.26172 -191.4773 845.6446 10 0 0.0 0.2056764705882353
494.13733 -197.44344 870.192 10 0 0.0 0.2056764705882353
514.02185 -203.27861 895.03 10 0 0.0 0.2056764705882353
533.99976 -208.94846 920.11194 10 0 0.0 0.2056764705882353
553.8581 -214.53525 944.94037 10 0 0.0 0.2056764705882353
573.8348 -219.94496 969.70386 10 0 0.0 0.2056764705882353
593.87787 -225.19739 994.82336 10 0 0.0 0.2056764705882353
613.9453 -230.3078 1019.6685 10 0 0.0 0.2056764705882353
634.19867 -235.2152 1044.5792 10 0 0.0 0.2056764705882353
654.2595 -240.05937 1069.4442 10 0 0.0 0.2056764705882353
674.7428 -244.6136 1094.5354 10 0 0.0 0.2056764705882353
694.98016 -249.12148 1119.4764 10 0 0.0 0.2056764705882353
715.1727 -253.50737 1144.4559 10 0 0.0 0.2056764705882353
735.4707 -257.71683 1169.365 10 0 0.0 0.2056764705882353
755.9962 -261.70758 1194.4043 10 0 0.0 0.2056764705882353
776.4462 -265.5849 1219.3954 10 0 0.0 0.2056764705882353
796.9297 -269.30975 1244.5323 10 0 0.0 0.2056764705882353
-142.29309 -18.631617 192.73979 11 5 0.08844117647058825 0.49979411764705883
-182.80984 -25.862722 204.15558 11 5 0.08844117647058825 0.49979411764705883
-203.4695 -29.177479 209.4337 11 5 0.08844117647058825 0.49979411764705883
-223.58812 -32.407177 215.2603 11 5 0.08844117647058825 0.49979411764705883
-243.95198 -35.438644 220.88882 11 5 0.08844117647058825 0.49979411764705883
-264.3309 -38.304535 226.42119 11 5 0.08844117647058825 0.49979411764705883
-284.77725 -40.996838 231.7804 11 5 0.08844117647058825 0.49979411764705883
-305.26044 -43.519638 237.36853 11 5 0.08844117647058825 0.49979411764705883
-325.71985 -45.881145 243.03653 11 5 0.08844117647058825 0.49979411764705883
-346.11356 -48.0865 248.93776 11 5 0.08844117647058825 0.49979411764705883
-366.8907 -50.07336 254.27625 11 5 0.08844117647058825 0.49979411764705883
-387.45276 -51.92416 259.82776 11 5 0.08844117647058825 0.49979411764705883
-428.60196 -55.12261 271.1556 11 5 0.08844117647058825 0.49979411764705883
-449.0446 -56.48743 276.69638 11 5 0.08844117647058825 0.49979411764705883
-469.83096 -57.64121 282.34625 11 5 0.08844117647058825 0.49979411764705883
-490.51157 -58.640312 287.75546 11 5 0.08844117647058825 0.49979411764705883
-511.06094 -59.48618 293.40384 11 5 0.08844117647058825 0.49979411764705883
-531.8871 -60.13086 299.23166 11 5 0.08844117647058825 0.49979411764705883
-552.6892 -60.609608 304.65198 11 5 0.08844117647058825 0.49979411764705883
-573.2023 -60.94986 310.39 11 5 0.08844117647058825 0.49979411764705883
-594.1549 -61.073196 315.98453 11 5 0.08844117647058825 0.49979411764705883
-614.7081 -61.067074 321.47623 11 5 0.08844117647058825 0.49979411764705883
-635.5531 -60.8606 327.1732 11 5 0.08844117647058825 0.49979411764705883
-656.24255 -60.49766 332.8213 11 5 0.08844117647058825 0.49979411764705883
-677.10126 -59.947372 338.50946 11 5 0.08844117647058825 0.49979411764705883
-697.75903 -59.24258 344.1961 11 5 0.08844117647058825 0.49979411764705883
-739.28186 -57.29616 355.40833 11 5 0.08844117647058825 0.49979411764705883
-760.1949 -56.05174 361.0739 11 5 0.08844117647058825 0.49979411764705883
-780.85583 -54.65224 366.67526 11 5 0.08844117647058825 0.49979411764705883
-801.8089 -53.058426 372.18912 11 5 0.08844117647058825 0.49979411764705883
-822.4906 -51.308437 377.94272 11 5 0.08844117647058825 0.49979411764705883
-843.19806 -49.38144 383.8122 11 5 0.08844117647058825 0.49979411764705883
-1.3703902 144.08989 129.25244 12 3 0.0 0.3821470588235294
2.6962392 164.51108 132.2648 12 3 0.0 0.3821470588235294
7.5304203 184.83359 135.13237 12 3 0.0 0.3821470588235294
13.139071 204.94318 138.14384 12 3 0.0 0.3821470588235294
19.504894 225.10046 141.2612 12 3 0.0 0.3821470588235294
26.670773 244.78006 144.23169 12 3 0.0 0.3821470588235294
34.60096 264.39655 147.45724 12 3 0.0 0.3821470588235294
43.299343 283.85223 150.46196 12 3 0.0 0.3821470588235294
63.07208 321.76938 156.63464 12 3 0.0 0.3821470588235294
74.13514 340.2924 159.85 12 3 0.0 0.3821470588235294
86.00213 358.41867 162.81201 12 3 0.0 0.3821470588235294
98.63259 376.30032 166.02719 12 3 0.0 0.3821470588235294
112.053696 393.79483 169.14825 12 3 0.0 0.3821470588235294
126.27947 410.83472 172.3387 12 3 0.0 0.3821470588235294
157.08864 443.6443 178.69861 12 3 0.0 0.3821470588235294
173.73354 459.18692 182.19566 12 3 0.0 0.3821470588235294
228.31065 502.86276 191.93195 12 3 0.0 0.3821470588235294
248.13565 516.1086 195.65768 12 3 0.0 0.3821470588235294
290.37793 540.1595 202.52011 12 3 0.0 0.3821470588235294
312.66434 551.14014 206.34372 12 3 0.0 0.3821470588235294
335.74362 561.31824 209.9327 12 3 0.0 0.3821470588235294
359.6603 570.56354 213.59753 12 3 0.0 0.3821470588235294
384.5449 578.626 217.37814 12 3 0.0 0.3821470588235294
410.1181 585.87384 221.12086 12 3 0.0 0.3821470588235294
436.57025 591.9466 224.94366 12 3 0.0 0.3821470588235294
463.85022 596.8416 228.9644 12 3 0.0 0.3821470588235294
492.0133 600.40173 233.26048 12 3 0.0 0.3821470588235294
551.0968 603.0188 241.74095 12 3 0.0 0.3821470588235294
582.0292 601.84485 246.13507 12 3 0.0 0.3821470588235294
-90.409904 112.53545 20.96974 13 13 0.5590294117647059 0.9703823529411764
-101.34778 129.9745 29.16918 13 13 0.5590294117647059 0.9703823529411764
-112.113655 147.53734 37.054913 13 13 0.5590294117647059 0.9703823529411764
-122.673836 165.26973 45.19785 13 13 0.5590294117647059 0.9703823529411764
-133.23193 182.8946 53.18646 13 13 0.5590294117647059 0.9703823529411764
-143.44795 200.87416 61.114315 13 13 0.5590294117647059 0.9703823529411764
-153.59727 218.82861 69.06355 13 13 0.5590294117647059 0.9703823529411764
-163.70149 236.71858 77.20737 13 13 0.5590294117647059 0.9703823529411764
-183.27422 273.01462 93.62568 13 13 0.5590294117647059 0.9703823529411764
-192.75073 291.4123 101.39168 13 13 0.5590294117647059 0.9703823529411764
-202.06178 309.91507 109.47246 13 13 0.5590294117647059 0.9703823529411764
-211.36595 328.2752 117.66069 13 13 0.5590294117647059 0.9703823529411764
-220.36975 346.94327 125.901726 13 13 0.5590294117647059 0.9703823529411764
-229.28326 365.59116 133.80315 13 13 0.5590294117647059 0.9703823529411764
-238.0463 384.30984 141.75311 13 13 0.5590294117647059 0.9703823529411764
-246.69736 403.03384 149.94756 13 13 0.5590294117647059 0.9703823529411764
-263.4806 440.7843 166.16243 13 13 0.5590294117647059 0.9703823529411764
-271.4629 460.0619 174.0974 13 13 0.5590294117647059 0.9703823529411764
-279.45935 479.12192 182.37088 13 13 0.5590294117647059 0.9703823529411764
-287.32916 498.19574 190.36955 13 13 0.5590294117647059 0.9703823529411764
-294.90576 517.57117 198.28122 13 13 0.5590294117647059 0.9703823529411764
-302.29037 537.07434 206.65086 13 13 0.5590294117647059 0.9703823529411764
-309.70554 556.305 214.6882 13 13 0.5590294117647059 0.9703823529411764
-316.82666 575.8385 222.7036 13 13 0.5590294117647059 0.9703823529411764
-323.84827 595.3232 230.95325 13 13 0.5590294117647059 0.9703823529411764
-330.57828 615.1096 239.0445 13 13 0.5590294117647059 0.9703823529411764
-337.24472 634.7745 247.31126 13 13 0.5590294117647059 0.9703823529411764
-343.7587 654.4779 255.34091 13 13 0.5590294117647059 0.9703823529411764
-350.0092 674.4304 263.32 13 13 0.5590294117647059 0.9703823529411764
-356.18936 694.2593 271.6557 13 13 0.5590294117647059 0.9703823529411764
-362.00906 714.52783 279.70102 13 13 0.5590294117647059 0.9703823529411764
-367.80792 734.5687 287.86392 13 13 0.5590294117647059 0.9703823529411764
-373.50806 754.52637 296.01837 13 13 0.5590294117647059 0.9703823529411764
20.335653 -131.09502 498.22382 14 10 0.3825588235294118 0.7939117647058824
24.041155 -151.5417 528.4017 14 10 0.3825588235294118 0.7939117647058824
27.897863 -171.77579 558.47363 14 10 0.3825588235294118 0.7939117647058824
31.898867 -191.85083 588.57 14 10 0.3825588235294118 0.7939117647058824
35.99799 -212.04633 618.7292 14 10 0.3825588235294118 0.7939117647058824
40.225544 -232.1776 648.70905 14 10 0.3825588235294118 0.7939117647058824
44.528484 -252.54637 678.9596 14 10 0.3825588235294118 0.7939117647058824
49.033928 -272.4307 709.2427 14 10 0.3825588235294118 0.7939117647058824
53.62329 -292.50177 739.25397 14 10 0.3825588235294118 0.7939117647058824
58.30801 -312.68607 769.19116 14 10 0.3825588235294118 0.7939117647058824
63.14115 -332.69586 799.593 14 10 0.3825588235294118 0.7939117647058824
68.08189 -352.74927 829.5471 14 10 0.3825588235294118 0.7939117647058824
73.16188 -372.68054 859.67926 14 10 0.3825588235294118 0.7939117647058824
78.34772 -392.6609 889.70447 14 10 0.3825588235294118 0.7939117647058824
83.69985 -412.38754 920.0431 14 10 0.3825588235294118 0.7939117647058824
89.076355 -432.5591 950.1554 14 10 0.3825588235294118 0.7939117647058824
94.68474 -452.16104 980.5773 14 10 0.3825588235294118 0.7939117647058824
100.29278 -472.3101 1010.57263 14 10 0.3825588235294118 0.7939117647058824
106.11297 -491.9942 1040.7513 14 10 0.3825588235294118 0.7939117647058824
112.022285 -511.7937 1071.0491 14 10 0.3825588235294118 0.7939117647058824
118.07748 -531.44586 1101.133 14 10 0.3825588235294118 0.7939117647058824
124.23719 -551.1382 1131.4171 14 10 0.3825588235294118 0.7939117647058824
130.4826 -570.9492 1161.509 14 10 0.3825588235294118 0.7939117647058824
136.84238 -590.748 1191.76 14 10 0.3825588235294118 0.7939117647058824
143.38739 -610.2312 1221.9518 14 10 0.3825588235294118 0.7939117647058824
150.02995 -629.77747 1252.2782 14 10 0.3825588235294118 0.7939117647058824
156.79535 -649.2774 1282.4357 14 10 0.3825588235294118 0.7939117647058824
163.68275 -668.73376 1312.7692 14 10 0.3825588235294118 0.7939117647058824
170.62352 -688.4231 1343.0343 14 10 0.3825588235294118 0.7939117647058824
177.7819 -707.68005 1373.281 14 10 0.3825588235294118 0.7939117647058824
184.96553 -727.2751 1403.476 14 10 0.3825588235294118 0.7939117647058824
192.34908 -746.51526 1433.9171 14 10 0.3825588235294118 0.7939117647058824
199.77231 -766.0256 1464.0656 14 10 0.3825588235294118 0.7939117647058824
207.40996 -785.1324 1494.6995 14 10 0.3825588235294118 0.7939117647058824
215.07547 -804.5458 1524.7817 14 10 0.3825588235294118 0.7939117647058824
87.678894 49.052048 204.31906 15 14 0.6178529411764706 1.0
124.816284 67.10091 313.43527 15 14 0.6178529411764706 1.0
143.17007 76.1112 368.17313 15 14 0.6178529411764706 1.0
161.84749 84.86066 422.74225 15 14 0.6178529411764706 1.0
180.51805 93.52529 477.53952 15 14 0.6178529411764706 1.0
199.36552 102.00925 532.47437 15 14 0.6178529411764706 1.0
218.07849 110.471596 587.0954 15 14 0.6178529411764706 1.0
237.00783 118.73285 641.5539 15 14 0.6178529411764706 1.0
256.01254 126.86485 696.48425 15 14 0.6178529411764706 1.0
294.09692 142.81335 805.82983 15 14 0.6178529411764706 1.0
312.9566 150.73366 860.3353 15 14 0.6178529411764706 1.0
332.09595 158.42265 915.2701 15 14 0.6178529411764706 1.0
351.3188 165.97551 970.01404 15 14 0.6178529411764706 1.0
370.53937 173.4322 1024.7222 15 14 0.6178529411764706 1.0
389.86795 180.74036 1079.6749 15 14 0.6178529411764706 1.0
409.2087 187.94408 1134.4034 15 14 0.6178529411764706 1.0
428.6443 195.00475 1189.0302 15 14 0.6178529411764706 1.0
448.1592 201.9293 1243.9176 15 14 0.6178529411764706 1.0
467.49353 208.83366 1298.6163 15 14 0.6178529411764706 1.0
487.12845 215.5015 1353.5889 15 14 0.6178529411764706 1.0
506.7237 222.08449 1408.3148 15 14 0.6178529411764706 1.0
526.4092 228.5246 1463.3291 15 14 0.6178529411764706 1.0
545.9748 234.91217 1518.1665 15 14 0.6178529411764706 1.0
565.5658 241.18274 1572.9796 15 14 0.6178529411764706 1.0
585.47876 247.21028 1627.9513 15 14 0.6178529411764706 1.0
605.4485 253.10847 1682.7446 15 14 0.6178529411764706 1.0
625.1641 259.0056 1738.022 15 14 0.6178529411764706 1.0
645.0991 264.7034 1792.8192 15 14 0.6178529411764706 1.0
665.21594 270.2186 1847.8096 15 14 0.6178529411764706 1.0
684.98474 275.7655 1902.8049 15 14 0.6178529411764706 1.0
705.14874 281.0428 1957.9034 15 14 0.6178529411764706 1.0
725.1526 286.2732 2012.8549 15 14 0.6178529411764706 1.0
133.09096 58.510014 226.58969 16 0 0.0 0.2056764705882353
152.59697 64.79498 226.65514 16 0 0.0 0.2056764705882353
172.41069 70.6559 226.89102 16 0 0.0 0.2056764705882353
192.46982 76.1221 226.81781 16 0 0.0 0.2056764705882353
212.22113 81.407005 227.0667 16 0 0.0 0.2056764705882353
232.51054 86.17754 227.25092 16 0 0.0 0.2056764705882353
252.59865 90.711395 227.35341 16 0 0.0 0.2056764705882353
273.01462 94.81053 227.06934 16 0 0.0 0.2056764705882353
293.3982 98.60047 227.50342 16 0 0.0 0.2056764705882353
313.7912 102.059944 227.54514 16 0 0.0 0.2056764705882353
334.7161 105.01879 227.5775 16 0 0.0 0.2056764705882353
375.79788 110.17099 227.77426 16 0 0.0 0.2056764705882353
396.71124 112.12272 227.9241 16 0 0.0 0.2056764705882353
417.553 113.74822 228.06435 16 0 0.0 0.2056764705882353
438.48016 114.9988 228.05865 16 0 0.0 0.2056764705882353
459.60147 115.84446 228.09163 16 0 0.0 0.2056764705882353
480.46814 116.39476 228.2133 16 0 0.0 0.2056764705882353
501.63293 116.50884 228.30359 16 0 0.0 0.2056764705882353
522.7112 116.27651 228.47171 16 0 0.0 0.2056764705882353
543.694 115.69263 228.6207 16 0 0.0 0.2056764705882353
564.91296 114.682755 228.60721 16 0 0.0 0.2056764705882353
607.64276 111.47264 228.74057 16 0 0.0 0.2056764705882353
628.50757 109.38255 228.92268 16 0 0.0 0.2056764705882353
649.9516 106.80131 229.02705 16 0 0.0 0.2056764705882353
671.04565 103.88587 229.21394 16 0 0.0 0.2056764705882353
692.4552 100.52617 229.07227 16 0 0.0 0.2056764705882353
713.63934 96.80142 229.21477 16 0 0.0 0.2056764705882353
735.0517 92.64489 229.35515 16 0 0.0 0.2056764705882353
756.26215 88.110344 229.37785 16 0 0.0 0.2056764705882353
798.71747 77.810875 229.69966 16 0 0.0 0.2056764705882353
819.5275 72.07983 229.70927 16 0 0.0 0.2056764705882353
840.7762 65.891365 229.64592 16 0 0.0 0.2056764705882353
-98.56798 113.04669 111.98947 17 5 0.08844117647058825 0.49979411764705883
-112.277916 128.44724 105.28653 17 5 0.08844117647058825 0.49979411764705883
-126.37801 143.4234 98.65832 17 5 0.08844117647058825 0.49979411764705883
-140.38919 158.52156 92.1096 17 5 0.08844117647058825 0.49979411764705883
-154.44228 173.59067 85.57143 17 5 0.08844117647058825 0.49979411764705883
-168.71878 188.42632 78.96628 17 5 0.08844117647058825 0.49979411764705883
-182.95497 203.32355 72.28744 17 5 0.08844117647058825 0.49979411764705883
-197.30421 218.10973 65.64363 17 5 0.08844117647058825 0.49979411764705883
-211.80948 232.73743 58.983597 17 5 0.08844117647058825 0.49979411764705883
-226.29953 247.3945 52.463196 17 5 0.08844117647058825 0.49979411764705883
-240.9037 261.93777 45.893055 17 5 0.08844117647058825 0.49979411764705883
-255.51773 276.47983 39.260735 17 5 0.08844117647058825 0.49979411764705883
-270.35477 290.7894 32.520462 17 5 0.08844117647058825 0.49979411764705883
-285.27048 305.02267 25.94153 17 5 0.08844117647058825 0.49979411764705883
-300.30716 319.13388 19.633224 17 5 0.08844117647058825 0.49979411764705883
-315.2383 333.36252 12.646493 17 5 0.08844117647058825 0.49979411764705883
-330.23886 347.52057 6.221818 17 5 0.08844117647058825 0.49979411764705883
-345.53223 361.3735 -0.6674049 17 5 0.08844117647058825 0.49979411764705883
-360.804 375.25125 -7.0192633 17 5 0.08844117647058825 0.49979411764705883
-376.12708 389.076 -13.709682 17 5 0.08844117647058825 0.49979411764705883
-391.68863 402.65396 -20.34816 17 5 0.08844117647058825 0.49979411764705883
-407.0211 416.4654 -26.84385 17 5 0.08844117647058825 0.49979411764705883
-422.56662 430.0546 -33.675953 17 5 0.08844117647058825 0.49979411764705883
-438.2799 443.46896 -40.185326 17 5 0.08844117647058825 0.49979411764705883
-454.0468 456.82413 -46.811817 17 5 0.08844117647058825 0.49979411764705883
-470.06952 469.91672 -53.60404 17 5 0.08844117647058825 0.49979411764705883
-485.89908 483.1955 -60.146286 17 5 0.08844117647058825 0.49979411764705883
-501.97372 496.22183 -66.98129 17 5 0.08844117647058825 0.49979411764705883
-534.022 522.3432 -80.102196 17 5 0.08844117647058825 0.49979411764705883
-550.43353 535.0074 -86.66481 17 5 0.08844117647058825 0.49979411764705883
-566.54126 547.9537 -93.324486 17 5 0.08844117647058825 0.49979411764705883
-583.0963 560.4531 -99.8984 17 5 0.08844117647058825 0.49979411764705883
-599.5107 573.0731 -106.743256 17 5 0.08844117647058825 0.49979411764705883
-616.0318 585.5742 -113.3085 17 5 0.08844117647058825 0.49979411764705883
103.80306 99.64923 -306.08154 18 9 0.32373529411764707 0.7350882352941177
117.55014 114.98906 -308.73172 18 9 0.32373529411764707 0.7350882352941177
131.50027 130.13872 -311.3403 18 9 0.32373529411764707 0.7350882352941177
145.74542 145.00171 -313.97113 18 9 0.32373529411764707 0.7350882352941177
159.80453 160.05586 -316.39545 18 9 0.32373529411764707 0.7350882352941177
173.9027 175.07846 -318.89075 18 9 0.32373529411764707 0.7350882352941177
188.28867 189.81796 -321.58075 18 9 0.32373529411764707 0.7350882352941177
202.50674 204.73282 -324.1161 18 9 0.32373529411764707 0.7350882352941177
217.03702 219.33786 -326.91577 18 9 0.32373529411764707 0.7350882352941177
231.54974 233.96544 -329.3803 18 9 0.32373529411764707 0.7350882352941177
246.18356 248.4749 -331.85297 18 9 0.32373529411764707 0.7350882352941177
260.94644 262.8577 -334.59662 18 9 0.32373529411764707 0.7350882352941177
275.66104 277.29193 -337.1911 18 9 0.32373529411764707 0.7350882352941177
290.53952 291.56314 -339.66345 18 9 0.32373529411764707 0.7350882352941177
305.33636 305.91724 -342.21146 18 9 0.32373529411764707 0.7350882352941177
320.3893 320.01492 -344.84753 18 9 0.32373529411764707 0.7350882352941177
335.54095 334.0138 -347.557 18 9 0.32373529411764707 0.7350882352941177
350.68768 348.01624 -350.012 18 9 0.32373529411764707 0.7350882352941177
365.84756 362.003 -352.47513 18 9 0.32373529411764707 0.7350882352941177
396.59442 389.54327 -357.67813 18 9 0.32373529411764707 0.7350882352941177
412.14163 403.1358 -360.38217 18 9 0.32373529411764707 0.7350882352941177
427.69217 416.71936 -362.8596 18 9 0.32373529411764707 0.7350882352941177
443.22604 430.31186 -365.4691 18 9 0.32373529411764707 0.7350882352941177
458.9374 443.72385 -368.19662 18 9 0.32373529411764707 0.7350882352941177
474.81607 456.96573 -370.7129 18 9 0.32373529411764707 0.7350882352941177
506.53116 483.46042 -375.74493 18 9 0.32373529411764707 0.7350882352941177
522.61536 496.47427 -378.4792 18 9 0.32373529411764707 0.7350882352941177
538.5337 509.6328 -380.9811 18 9 0.32373529411764707 0.7350882352941177
554.82416 522.4256 -383.6318 18 9 0.32373529411764707 0.7350882352941177
570.9994 535.3127 -386.01984 18 9 0.32373529411764707 0.7350882352941177
587.4038 547.96967 -388.61685 18 9 0.32373529411764707 0.7350882352941177
603.8182 560.60156 -391.50198 18 9 0.32373529411764707 0.7350882352941177
620.1035 573.3353 -394.14944 18 9 0.32373529411764707 0.7350882352941177
-5.0581694 -126.562294 426.1273 19 5 0.08844117647058825 0.49979411764705883
-5.0625153 -147.19379 466.58908 19 5 0.08844117647058825 0.49979411764705883
-5.2136264 -167.83087 507.53793 19 5 0.08844117647058825 0.49979411764705883
-5.5211062 -188.14339 548.3413 19 5 0.08844117647058825 0.49979411764705883
-5.9612203 -208.93468 588.9022 19 5 0.08844117647058825 0.49979411764705883
-6.557177 -229.41666 629.62317 19 5 0.08844117647058825 0.49979411764705883
-7.2992487 -249.93 670.31305 19 5 0.08844117647058825 0.49979411764705883
-8.179672 -270.73386 711.2641 19 5 0.08844117647058825 0.49979411764705883
-9.219617 -291.1231 752.1056 19 5 0.08844117647058825 0.49979411764705883
-10.3963785 -311.8362 792.7883 19 5 0.08844117647058825 0.49979411764705883
-11.7301655 -332.25082 833.6815 19 5 0.08844117647058825 0.49979411764705883
-13.195988 -353.08334 874.2364 19 5 0.08844117647058825 0.49979411764705883
-14.82275 -373.53445 915.3301 19 5 0.08844117647058825 0.49979411764705883
-16.595308 -394.02606 955.9364 19 5 0.08844117647058825 0.49979411764705883
-18.511671 -414.5957 996.759 19 5 0.08844117647058825 0.49979411764705883
-20.568748 -435.2949 1037.4908 19 5 0.08844117647058825 0.49979411764705883
-22.786686 -455.69788 1078.4039 19 5 0.08844117647058825 0.49979411764705883
-25.140982 -476.31375 1119.254 19 5 0.08844117647058825 0.49979411764705883
-27.648726 -496.80127 1160.1182 19 5 0.08844117647058825 0.49979411764705883
-30.30375 -517.28296 1200.914 19 5 0.08844117647058825 0.49979411764705883
-33.116306 -537.5912 1242.0061 19 5 0.08844117647058825 0.49979411764705883
-36.053776 -558.25366 1282.862 19 5 0.08844117647058825 0.49979411764705883
-39.142326 -578.83356 1323.779 19 5 0.08844117647058825 0.49979411764705883
-42.395016 -599.1547 1364.6915 19 5 0.08844117647058825 0.49979411764705883
-45.792656 -619.50757 1405.6721 19 5 0.08844117647058825 0.49979411764705883
-49.324524 -640.0251 1446.6556 19 5 0.08844117647058825 0.49979411764705883
-53.01212 -660.4176 1487.6726 19 5 0.08844117647058825 0.49979411764705883
-56.84372 -680.83746 1528.9735 19 5 0.08844117647058825 0.49979411764705883
-60.827637 -701.18353 1569.6842 19 5 0.08844117647058825 0.49979411764705883
-64.96286 -721.4724 1610.4935 19 5 0.08844117647058825 0.49979411764705883
-69.24175 -741.7896 1651.807 19 5 0.08844117647058825 0.49979411764705883
-73.66315 -762.1417 1692.5282 19 5 0.08844117647058825 0.49979411764705883
-78.26075 -782.18567 1733.9066 19 5 0.08844117647058825 0.49979411764705883
-82.989655 -802.3833 1774.9744 19 5 0.08844117647058825 0.49979411764705883
-87.8351 -822.85565 1816.172 19 5 0.08844117647058825 0.49979411764705883
131.44272 -19.153418 -266.90323 20 6 0.14726470588235296 0.5586176470588236
151.876 -22.448984 -267.51407 20 6 0.14726470588235296 0.5586176470588236
172.06544 -25.63877 -267.897 20 6 0.14726470588235296 0.5586176470588236
192.55411 -28.641893 -268.19305 20 6 0.14726470588235296 0.5586176470588236
212.91946 -31.520899 -268.54434 20 6 0.14726470588235296 0.5586176470588236
233.29706 -34.255222 -268.9309 20 6 0.14726470588235296 0.5586176470588236
253.81831 -36.825405 -269.3211 20 6 0.14726470588235296 0.5586176470588236
274.24158 -39.266438 -269.6857 20 6 0.14726470588235296 0.5586176470588236
294.7808 -41.54714 -269.88885 20 6 0.14726470588235296 0.5586176470588236
315.39633 -43.673378 -270.38843 20 6 0.14726470588235296 0.5586176470588236
335.75424 -45.69078 -270.92902 20 6 0.14726470588235296 0.5586176470588236
356.19138 -47.551956 -271.36798 20 6 0.14726470588235296 0.5586176470588236
376.98398 -49.220985 -271.5203 20 6 0.14726470588235296 0.5586176470588236
397.3946 -50.79471 -272.12003 20 6 0.14726470588235296 0.5586176470588236
418.02573 -52.19418 -272.50394 20 6 0.14726470588235296 0.5586176470588236
438.66293 -53.447063 -272.93927 20 6 0.14726470588235296 0.5586176470588236
459.2881 -54.555176 -273.2511 20 6 0.14726470588235296 0.5586176470588236
479.82712 -55.526577 -273.48288 20 6 0.14726470588235296 0.5586176470588236
500.57233 -56.327175 -273.8755 20 6 0.14726470588235296 0.5586176470588236
521.1064 -57.00418 -274.2946 20 6 0.14726470588235296 0.5586176470588236
542.06964 -57.48723 -274.61856 20 6 0.14726470588235296 0.5586176470588236
562.71063 -57.857445 -275.0031 20 6 0.14726470588235296 0.5586176470588236
583.1606 -58.098255 -275.41125 20 6 0.14726470588235296 0.5586176470588236
603.96454 -58.154934 -275.88528 20 6 0.14726470588235296 0.5586176470588236
624.5566 -58.083275 -276.27914 20 6 0.14726470588235296 0.5586176470588236
645.5382 -57.826923 -276.59036 20 6 0.14726470588235296 0.5586176470588236
666.05176 -57.463467 -276.91986 20 6 0.14726470588235296 0.5586176470588236
686.98444 -56.91434 -277.233 20 6 0.14726470588235296 0.5586176470588236
707.66095 -56.237183 -277.6591 20 6 0.14726470588235296 0.5586176470588236
728.36664 -55.40738 -278.3153 20 6 0.14726470588235296 0.5586176470588236
748.9527 -54.435772 -278.49927 20 6 0.14726470588235296 0.5586176470588236
769.8584 -53.29045 -279.0837 20 6 0.14726470588235296 0.5586176470588236
790.4118 -52.01867 -279.32693 20 6 0.14726470588235296 0.5586176470588236
811.3626 -50.569798 -279.56653 20 6 0.14726470588235296 0.5586176470588236
832.09894 -48.983753 -279.95807 20 6 0.14726470588235296 0.5586176470588236
-143.39366 -23.45592 -144.33888 21 7 0.20608823529411763 0.6174411764705883
-163.59787 -26.494253 -142.57565 21 7 0.20608823529411763 0.6174411764705883
-183.93904 -29.6906 -140.78555 21 7 0.20608823529411763 0.6174411764705883
-204.36864 -33.052826 -138.94077 21 7 0.20608823529411763 0.6174411764705883
-224.60979 -36.625313 -137.2458 21 7 0.20608823529411763 0.6174411764705883
-245.01097 -40.351017 -135.71037 21 7 0.20608823529411763 0.6174411764705883
-265.2437 -44.283287 -133.61182 21 7 0.20608823529411763 0.6174411764705883
-285.37183 -48.411926 -131.95615 21 7 0.20608823529411763 0.6174411764705883
-305.60962 -52.70029 -130.26208 21 7 0.20608823529411763 0.6174411764705883
-325.85498 -57.164738 -128.70016 21 7 0.20608823529411763 0.6174411764705883
-345.93454 -61.83549 -126.879875 21 7 0.20608823529411763 0.6174411764705883
-366.0094 -66.68417 -125.238434 21 7 0.20608823529411763 0.6174411764705883
-386.15747 -71.695625 -123.25022 21 7 0.20608823529411763 0.6174411764705883
-406.02063 -76.936165 -121.64141 21 7 0.20608823529411763 0.6174411764705883
-425.83847 -82.36191 -119.88203 21 7 0.20608823529411763 0.6174411764705883
-465.8226 -93.670456 -116.29147 21 7 0.20608823529411763 0.6174411764705883
-485.55783 -99.637245 -114.68826 21 7 0.20608823529411763 0.6174411764705883
-505.49316 -105.73623 -112.9395 21 7 0.20608823529411763 0.6174411764705883
-525.1291 -112.07061 -111.14087 21 7 0.20608823529411763 0.6174411764705883
-544.6581 -118.60129 -109.31384 21 7 0.20608823529411763 0.6174411764705883
-584.12946 -132.08693 -105.804115 21 7 0.20608823529411763 0.6174411764705883
-603.4408 -139.18176 -104.24795 21 7 0.20608823529411763 0.6174411764705883
-622.9423 -146.4036 -102.453316 21 7 0.20608823529411763 0.6174411764705883
-642.6463 -153.74588 -100.67637 21 7 0.20608823529411763 0.6174411764705883
-661.7274 -161.40602 -98.98391 21 7 0.20608823529411763 0.6174411764705883
-681.19275 -169.14108 -97.111465 21 7 0.20608823529411763 0.6174411764705883
-700.65283 -177.04315 -95.33577 21 7 0.20608823529411763 0.6174411764705883
-738.7239 -193.5619 -92.03259 21 7 0.20608823529411763 0.6174411764705883
-757.71564 -202.08229 -90.17432 21 7 0.20608823529411763 0.6174411764705883
-776.82465 -210.73572 -88.32167 21 7 0.20608823529411763 0.6174411764705883
-795.7896 -219.59131 -86.57355 21 7 0.20608823529411763 0.6174411764705883
-814.8545 -228.58119 -84.96725 21 7 0.20608823529411763 0.6174411764705883
-21.002493 147.32916 -258.9166 22 2 0.0 0.3233235294117647
-23.873463 167.8157 -255.43318 22 2 0.0 0.3233235294117647
-26.556322 188.43808 -251.93983 22 2 0.0 0.3233235294117647
-29.117598 208.72208 -248.63022 22 2 0.0 0.3233235294117647
-31.522276 228.90506 -245.14973 22 2 0.0 0.3233235294117647
-33.66445 249.76126 -241.87247 22 2 0.0 0.3233235294117647
-35.667942 270.3896 -238.4988 22 2 0.0 0.3233235294117647
-39.17843 311.52386 -231.77084 22 2 0.0 0.3233235294117647
-40.71272 331.79227 -228.35373 22 2 0.0 0.3233235294117647
-41.991276 352.74213 -224.95549 22 2 0.0 0.3233235294117647
-43.178097 373.01254 -221.4637 22 2 0.0 0.3233235294117647
-44.146545 393.66385 -218.1279 22 2 0.0 0.3233235294117647
-44.92143 414.50043 -214.95682 22 2 0.0 0.3233235294117647
-45.547554 435.1094 -211.12177 22 2 0.0 0.3233235294117647
-45.992966 455.77725 -208.079 22 2 0.0 0.3233235294117647
-46.27876 476.28876 -204.45392 22 2 0.0 0.3233235294117647
-46.345566 497.25604 -201.20699 22 2 0.0 0.3233235294117647
-46.27378 517.83405 -197.88568 22 2 0.0 0.3233235294117647
-46.029613 538.3598 -194.4141 22 2 0.0 0.3233235294117647
-45.586853 559.14215 -190.83195 22 2 0.0 0.3233235294117647
-44.965332 579.95935 -187.57254 22 2 0.0 0.3233235294117647
-44.179752 600.6122 -184.15149 22 2 0.0 0.3233235294117647
-43.2053 621.4238 -180.61292 22 2 0.0 0.3233235294117647
-42.065723 642.0558 -177.22298 22 2 0.0 0.3233235294117647
-40.73806 662.84076 -173.81628 22 2 0.0 0.3233235294117647
-39.243065 683.44434 -170.39836 22 2 0.0 0.3233235294117647
-37.560688 704.1953 -167.22084 22 2 0.0 0.3233235294117647
-35.693073 725.0811 -163.53429 22 2 0.0 0.3233235294117647
-33.660225 745.6898 -160.11429 22 2 0.0 0.3233235294117647
-31.4403 766.46466 -156.91533 22 2 0.0 0.3233235294117647
-29.041676 787.22815 -153.46515 22 2 0.0 0.3233235294117647
-26.464205 807.9744 -149.92932 22 2 0.0 0.3233235294117647
-23.711435 828.56555 -146.47159 22 2 0.0 0.3233235294117647
-20.774885 849.2625 -143.10027 22 2 0.0 0.3233235294117647
-85.088585 118.176575 -170.87306 23 2 0.0 0.3233235294117647
-100.390236 132.15991 -154.52621 23 2 0.0 0.3233235294117647
-116.00717 145.91083 -137.96858 23 2 0.0 0.3233235294117647
-132.33209 158.89236 -121.338264 23 2 0.0 0.3233235294117647
-148.95346 171.58054 -104.89528 23 2 0.0 0.3233235294117647
-166.18407 183.57132 -88.29257 23 2 0.0 0.3233235294117647
-183.9195 194.96341 -71.46928 23 2 0.0 0.3233235294117647
-202.05353 205.83926 -54.788685 23 2 0.0 0.3233235294117647
-220.57991 216.16763 -37.74947 23 2 0.0 0.3233235294117647
-259.16016 234.72134 -3.7170448 23 2 0.0 0.3233235294117647
-279.18823 242.9255 13.469741 23 2 0.0 0.3233235294117647
-299.39114 250.64905 30.400402 23 2 0.0 0.3233235294117647
-320.22308 257.47284 47.824013 23 2 0.0 0.3233235294117647
-341.14447 263.8054 65.27478 23 2 0.0 0.3233235294117647
-362.70578 269.179 82.74645 23 2 0.0 0.3233235294117647
-384.40283 273.94516 100.692635 23 2 0.0 0.3233235294117647
-406.8244 277.64902 118.40103 23 2 0.0 0.3233235294117647
-428.896 280.993 136.26273 23 2 0.0 0.3233235294117647
-451.79218 283.1488 154.56342 23 2 0.0 0.3233235294117647
-474.86194 284.51328 172.8803 23 2 0.0 0.3233235294117647
-498.1993 284.98517 191.3337 23 2 0.0 0.3233235294117647
-521.74255 284.5585 210.22363 23 2 0.0 0.3233235294117647
-545.732 283.06384 229.0957 23 2 0.0 0.3233235294117647
-569.6351 280.7375 248.30313 23 2 0.0 0.3233235294117647
-593.95074 277.2782 267.665 23 2 0.0 0.3233235294117647
-618.2896 272.82767 287.24408 23 2 0.0 0.3233235294117647
-642.7998 267.2632 307.4012 23 2 0.0 0.3233235294117647
-667.47516 260.53653 327.57776 23 2 0.0 0.3233235294117647
-692.12854 252.66324 348.36212 23 2 0.0 0.3233235294117647
-716.9407 243.51326 369.29437 23 2 0.0 0.3233235294117647
-741.86725 233.04344 390.37045 23 2 0.0 0.3233235294117647
-766.46466 221.3187 412.371 23 2 0.0 0.3233235294117647
-791.1348 208.13287 434.63632 23 2 0.0 0.3233235294117647
-816.00446 193.38228 457.38925 23 2 0.0 0.3233235294117647
-73.74269 -111.067375 -276.74915 24 1 0.0 0.2645
-86.27246 -127.48081 -281.1009 24 1 0.0 0.2645
-98.729065 -143.90227 -285.33582 24 1 0.0 0.2645
-111.18515 -160.22977 -289.93774 24 1 0.0 0.2645
-123.32771 -176.91402 -294.16718 24 1 0.0 0.2645
-135.42313 -193.56825 -298.86777 24 1 0.0 0.2645
-147.30249 -210.43268 -303.32535 24 1 0.0 0.2645
-159.0899 -227.32759 -307.60193 24 1 0.0 0.2645
-170.64255 -244.45534 -312.1888 24 1 0.0 0.2645
-182.08693 -261.63287 -316.71185 24 1 0.0 0.2645
-193.38054 -278.9191 -320.94327 24 1 0.0 0.2645
-204.45941 -296.40463 -325.53754 24 1 0.0 0.2645
-215.55965 -313.74503 -329.97305 24 1 0.0 0.2645
-226.37863 -331.3773 -334.419 24 1 0.0 0.2645
-236.99911 -349.1806 -338.86398 24 1 0.0 0.2645
-247.54527 -366.9702 -343.39618 24 1 0.0 0.2645
-258.0296 -384.72318 -347.9983 24 1 0.0 0.2645
-268.2511 -402.73633 -352.38705 24 1 0.0 0.2645
-288.28305 -438.97305 -361.4056 24 1 0.0 0.2645
-298.03754 -457.2769 -365.85806 24 1 0.0 0.2645
-307.61185 -475.71136 -370.39185 24 1 0.0 0.2645
-317.0722 -494.17175 -374.68347 24 1 0.0 0.2645
-326.31213 -512.8215 -379.20926 24 1 0.0 0.2645
-335.5526 -531.3107 -383.6544 24 1 0.0 0.2645
-344.54898 -550.02155 -388.2735 24 1 0.0 0.2645
-353.46594 -568.6896 -392.73843 24 1 0.0 0.2645
-361.88086 -587.99554 -397.22522 24 1 0.0 0.2645
-370.39935 -606.9592 -401.70135 24 1 0.0 0.2645
-378.82532 -625.89105 -406.2553 24 1 0.0 0.2645
-386.96448 -645.10925 -410.77988 24 1 0.0 0.2645
-402.63773 -683.9835 -419.733 24 1 0.0 0.2645
-410.41965 -703.2134 -424.48322 24 1 0.0 0.2645
-417.88846 -722.7719 -428.64258 24 1 0.0 0.2645
-28.761122 -146.05325 137.27866 25 8 0.26491176470588235 0.676264705882353
-33.69257 -187.1747 115.1029 25 8 0.26491176470588235 0.676264705882353
-35.97528 -207.41602 104.2355 25 8 0.26491176470588235 0.676264705882353
-38.023617 -228.07748 93.19422 25 8 0.26491176470588235 0.676264705882353
-39.925526 -248.65671 81.90706 25 8 0.26491176470588235 0.676264705882353
-41.68435 -269.11758 71.01763 25 8 0.26491176470588235 0.676264705882353
-43.290108 -289.50916 59.96233 25 8 0.26491176470588235 0.676264705882353
-44.676636 -310.27936 49.02211 25 8 0.26491176470588235 0.676264705882353
-45.94186 -330.7616 37.787266 25 8 0.26491176470588235 0.676264705882353
-47.022243 -351.3934 26.503172 25 8 0.26491176470588235 0.676264705882353
-47.945686 -371.97168 15.435485 25 8 0.26491176470588235 0.676264705882353
-48.6967 -392.6109 4.685888 25 8 0.26491176470588235 0.676264705882353
-49.27116 -413.34903 -6.60548 25 8 0.26491176470588235 0.676264705882353
-49.6986 -433.93625 -17.630972 25 8 0.26491176470588235 0.676264705882353
-49.923523 -454.8544 -28.813578 25 8 0.26491176470588235 0.676264705882353
-50.02653 -475.37723 -39.847775 25 8 0.26491176470588235 0.676264705882353
-49.686523 -516.86945 -61.91541 25 8 0.26491176470588235 0.676264705882353
-49.284954 -537.4227 -73.05419 25 8 0.26491176470588235 0.676264705882353
-47.961155 -578.71356 -95.26447 25 8 0.26491176470588235 0.676264705882353
-47.04033 -599.446 -106.46567 25 8 0.26491176470588235 0.676264705882353
-45.953773 -620.15173 -117.5608 25 8 0.26491176470588235 0.676264705882353
-44.6943 -640.9248 -128.55789 25 8 0.26491176470588235 0.676264705882353
-43.27318 -661.6025 -139.88 25 8 0.26491176470588235 0.676264705882353
-41.693447 -682.11066 -150.98839 25 8 0.26491176470588235 0.676264705882353
-39.92272 -702.977 -162.23094 25 8 0.26491176470588235 0.676264705882353
-37.99571 -723.6245 -173.22072 25 8 0.26491176470588235 0.676264705882353
-35.89113 -744.43195 -184.3907 25 8 0.26491176470588235 0.676264705882353
-33.626038 -765.05396 -195.64435 25 8 0.26491176470588235 0.676264705882353
-28.579227 -806.4467 -217.94862 25 8 0.26491176470588235 0.676264705882353
-25.799305 -827.1918 -229.0066 25 8 0.26491176470588235 0.676264705882353
-22.859304 -847.5785 -240.3668 25 8 0.26491176470588235 0.676264705882353
57.528408 132.225 -476.7288 26 6 0.14726470588235296 0.5586176470588236
66.624794 150.5786 -507.85385 26 6 0.14726470588235296 0.5586176470588236
75.53699 169.19171 -538.94836 26 6 0.14726470588235296 0.5586176470588236
84.3372 187.89708 -570.30194 26 6 0.14726470588235296 0.5586176470588236
93.15334 206.41028 -601.42084 26 6 0.14726470588235296 0.5586176470588236
101.78915 225.16714 -632.64075 26 6 0.14726470588235296 0.5586176470588236
110.385 243.85556 -663.6825 26 6 0.14726470588235296 0.5586176470588236
118.863106 262.64703 -694.90674 26 6 0.14726470588235296 0.5586176470588236
127.2964 281.37955 -725.91003 26 6 0.14726470588235296 0.5586176470588236
135.55196 300.3465 -757.0868 26 6 0.14726470588235296 0.5586176470588236
143.75525 319.26968 -788.15497 26 6 0.14726470588235296 0.5586176470588236
151.84483 338.28473 -819.42786 26 6 0.14726470588235296 0.5586176470588236
167.80423 376.31757 -881.8409 26 6 0.14726470588235296 0.5586176470588236
175.71954 395.23087 -913.0701 26 6 0.14726470588235296 0.5586176470588236
183.44109 414.41333 -944.1061 26 6 0.14726470588235296 0.5586176470588236
198.72798 452.62622 -1006.4988 26 6 0.14726470588235296 0.5586176470588236
206.20975 471.844 -1037.8108 26 6 0.14726470588235296 0.5586176470588236
213.64565 490.9933 -1069.02 26 6 0.14726470588235296 0.5586176470588236
220.8583 510.48172 -1100.2999 26 6 0.14726470588235296 0.5586176470588236
228.05127 529.8403 -1131.264 26 6 0.14726470588235296 0.5586176470588236
235.21524 549.08734 -1162.6288 26 6 0.14726470588235296 0.5586176470588236
242.19086 568.59393 -1193.8975 26 6 0.14726470588235296 0.5586176470588236
249.13324 587.99677 -1225.0936 26 6 0.14726470588235296 0.5586176470588236
255.97195 607.45996 -1256.3073 26 6 0.14726470588235296 0.5586176470588236
262.64948 627.12036 -1287.4353 26 6 0.14726470588235296 0.5586176470588236
269.31296 646.6269 -1318.9434 26 6 0.14726470588235296 0.5586176470588236
275.9233 666.06976 -1350.2311 26 6 0.14726470588235296 0.5586176470588236
282.29456 685.8982 -1381.2803 26 6 0.14726470588235296 0.5586176470588236
295.00955 725.0382 -1443.743 26 6 0.14726470588235296 0.5586176470588236
301.07114 745.0387 -1474.9989 26 6 0.14726470588235296 0.5586176470588236
313.22357 784.36444 -1537.6135 26 6 0.14726470588235296 0.5586176470588236
-34.633545 123.68979 -334.5498 27 9 0.32373529411764707 0.7350882352941177
-41.841526 142.79774 -341.38776 27 9 0.32373529411764707 0.7350882352941177
-48.855736 162.2368 -348.36102 27 9 0.32373529411764707 0.7350882352941177
-55.770184 181.67743 -355.35394 27 9 0.32373529411764707 0.7350882352941177
-62.575207 201.15292 -362.05634 27 9 0.32373529411764707 0.7350882352941177
-69.25616 220.70963 -369.07663 27 9 0.32373529411764707 0.7350882352941177
-75.89054 240.10086 -375.99933 27 9 0.32373529411764707 0.7350882352941177
-82.33744 259.77255 -382.92828 27 9 0.32373529411764707 0.7350882352941177
-88.735535 279.2852 -389.7109 27 9 0.32373529411764707 0.7350882352941177
-94.99072 298.93436 -396.69318 27 9 0.32373529411764707 0.7350882352941177
-101.15746 318.54742 -403.7435 27 9 0.32373529411764707 0.7350882352941177
-107.18508 338.28284 -410.56924 27 9 0.32373529411764707 0.7350882352941177
-118.94656 377.72635 -424.6118 27 9 0.32373529411764707 0.7350882352941177
-124.63656 397.5711 -431.3089 27 9 0.32373529411764707 0.7350882352941177
-130.18362 417.54773 -438.22244 27 9 0.32373529411764707 0.7350882352941177
-135.64977 437.45685 -445.05777 27 9 0.32373529411764707 0.7350882352941177
-141.03683 457.28967 -452.03 27 9 0.32373529411764707 0.7350882352941177
-146.20016 477.515 -458.9095 27 9 0.32373529411764707 0.7350882352941177
-151.40645 497.26288 -465.90863 27 9 0.32373529411764707 0.7350882352941177
-156.4515 517.197 -472.72217 27 9 0.32373529411764707 0.7350882352941177
-170.77647 577.60645 -493.45975 27 9 0.32373529411764707 0.7350882352941177
-175.33209 597.7739 -500.54172 27 9 0.32373529411764707 0.7350882352941177
-179.75891 618.02 -507.615 27 9 0.32373529411764707 0.7350882352941177
-184.1805 637.91656 -514.29834 27 9 0.32373529411764707 0.7350882352941177
-188.3493 658.3179 -521.2499 27 9 0.32373529411764707 0.7350882352941177
-192.42303 678.6791 -528.0756 27 9 0.32373529411764707 0.7350882352941177
-196.40923 698.9703 -535.24164 27 9 0.32373529411764707 0.7350882352941177
-200.25505 719.3774 -542.12286 27 9 0.32373529411764707 0.7350882352941177
-204.05258 739.5677 -549.2046 27 9 0.32373529411764707 0.7350882352941177
-207.64496 760.10724 -556.13684 27 9 0.32373529411764707 0.7350882352941177
-211.1563 780.5454 -563.0065 27 9 0.32373529411764707 0.7350882352941177
-214.57907 800.9053 -569.8634 27 9 0.32373529411764707 0.7350882352941177
-103.18732 -105.177315 -604.5723 28 14 0.6178529411764706 1.0
-116.0563 -121.25021 -682.94055 28 14 0.6178529411764706 1.0
-128.81876 -137.41545 -761.3366 28 14 0.6178529411764706 1.0
-141.52544 -153.61864 -839.7306 28 14 0.6178529411764706 1.0
-154.0927 -169.94984 -918.23944 28 14 0.6178529411764706 1.0
-166.62317 -186.29633 -996.73175 28 14 0.6178529411764706 1.0
-179.05257 -202.72807 -1074.8674 28 14 0.6178529411764706 1.0
-191.40855 -219.21341 -1153.3025 28 14 0.6178529411764706 1.0
-203.71931 -235.71869 -1231.9828 28 14 0.6178529411764706 1.0
-215.95767 -252.27367 -1310.3615 28 14 0.6178529411764706 1.0
-227.98514 -269.04068 -1388.9629 28 14 0.6178529411764706 1.0
-240.03596 -285.74435 -1467.4598 28 14 0.6178529411764706 1.0
-252.15146 -302.33105 -1545.921 28 14 0.6178529411764706 1.0
-263.84055 -319.38995 -1624.4277 28 14 0.6178529411764706 1.0
-275.4951 -336.4525 -1702.7993 28 14 0.6178529411764706 1.0
-287.37912 -353.19168 -1781.3004 28 14 0.6178529411764706 1.0
-298.80817 -370.44598 -1859.8169 28 14 0.6178529411764706 1.0
-310.53174 -387.28946 -1938.57 28 14 0.6178529411764706 1.0
-321.7393 -404.73016 -2017.0619 28 14 0.6178529411764706 1.0
-333.10272 -421.92813 -2095.6733 28 14 0.6178529411764706 1.0
-344.45062 -439.0948 -2174.307 28 14 0.6178529411764706 1.0
-355.55353 -456.52213 -2252.7273 28 14 0.6178529411764706 1.0
-366.6372 -473.92178 -2331.238 28 14 0.6178529411764706 1.0
79.69642 -95.77451 122.28619 29 16 0.7355 1.0
90.919075 -113.11054 123.270134 29 16 0.7355 1.0
102.309074 -130.17651 123.89305 29 16 0.7355 1.0
113.371544 -147.59065 124.73264 29 16 0.7355 1.0
124.46873 -164.88974 125.54312 29 16 0.7355 1.0
135.37578 -182.36584 126.14016 29 16 0.7355 1.0
156.79382 -217.6243 127.55831 29 16 0.7355 1.0
167.48062 -235.15996 128.27034 29 16 0.7355 1.0
177.83377 -253.07883 128.93954 29 16 0.7355 1.0
188.1968 -270.89685 129.87335 29 16 0.7355 1.0
198.29808 -289.00217 130.5488 29 16 0.7355 1.0
208.6228 -306.68747 131.04214 29 16 0.7355 1.0
218.70026 -324.63553 131.87973 29 16 0.7355 1.0
228.62988 -342.70236 132.80971 29 16 0.7355 1.0
238.30487 -361.0503 133.44533 29 16 0.7355 1.0
248.08968 -379.1272 134.0816 29 16 0.7355 1.0
257.6382 -397.45648 134.79677 29 16 0.7355 1.0
267.1581 -415.71902 135.54146 29 16 0.7355 1.0
276.51254 -434.12518 136.05724 29 16 0.7355 1.0
285.69748 -452.68243 137.02336 29 16 0.7355 1.0
312.73325 -508.46283 139.27898 29 16 0.7355 1.0
321.45297 -527.28046 140.18913 29 16 0.7355 1.0
330.1523 -546.0024 140.57872 29 16 0.7355 1.0
338.69336 -564.85376 141.27531 29 16 0.7355 1.0
346.93158 -584.0781 142.13165 29 16 0.7355 1.0
355.39728 -602.78296 142.71718 29 16 0.7355 1.0
363.58868 -621.8105 143.46255 29 16 0.7355 1.0
371.7682 -640.71387 144.32281 29 16 0.7355 1.0
379.5816 -660.1033 145.03125 29 16 0.7355 1.0
387.4213 -679.30023 145.703 29 16 0.7355 1.0
395.19424 -698.4618 146.47948 29 16 0.7355 1.0
402.77573 -717.8069 147.14287 29 16 0.7355 1.0
-13.385774 147.867 523.0687 30 12 0.5002058823529412 0.9115588235294119
-13.796161 168.46275 587.3261 30 12 0.5002058823529412 0.9115588235294119
-14.056061 188.83754 651.15594 30 12 0.5002058823529412 0.9115588235294119
-14.117685 209.62863 715.49316 30 12 0.5002058823529412 0.9115588235294119
-14.029493 230.17531 779.4918 30 12 0.5002058823529412 0.9115588235294119
-13.347517 271.29276 907.8431 30 12 0.5002058823529412 0.9115588235294119
-12.751484 291.91626 971.72107 30 12 0.5002058823529412 0.9115588235294119
-11.981833 312.6971 1036.1256 30 12 0.5002058823529412 0.9115588235294119
-11.053798 333.24628 1100.1342 30 12 0.5002058823529412 0.9115588235294119
-9.957746 353.77628 1164.536 30 12 0.5002058823529412 0.9115588235294119
-8.6919 374.34967 1228.7119 30 12 0.5002058823529412 0.9115588235294119
-7.2579274 394.90884 1292.9836 30 12 0.5002058823529412 0.9115588235294119
-5.6531835 415.63174 1357.2352 30 12 0.5002058823529412 0.9115588235294119
-3.8843267 436.0299 1421.3633 30 12 0.5002058823529412 0.9115588235294119
-1.9444014 456.67108 1485.6636 30 12 0.5002058823529412 0.9115588235294119
0.16332741 477.13403 1550.031 30 12 0.5002058823529412 0.9115588235294119
2.4384463 497.99286 1614.5573 30 12 0.5002058823529412 0.9115588235294119
4.883172 518.43427 1678.9921 30 12 0.5002058823529412 0.9115588235294119
7.497666 538.8471 1743.1057 30 12 0.5002058823529412 0.9115588235294119
10.27835 559.44104 1807.5911 30 12 0.5002058823529412 0.9115588235294119
13.231006 579.8513 1872.0176 30 12 0.5002058823529412 0.9115588235294119
16.34843 600.4272 1936.5137 30 12 0.5002058823529412 0.9115588235294119
19.631248 621.0748 2001.2295 30 12 0.5002058823529412 0.9115588235294119
23.0953 641.32355 2065.694 30 12 0.5002058823529412 0.9115588235294119
26.717674 661.86584 2130.1611 30 12 0.5002058823529412 0.9115588235294119
30.51915 682.1466 2194.9932 30 12 0.5002058823529412 0.9115588235294119
34.481945 702.5932 2259.5073 30 12 0.5002058823529412 0.9115588235294119
38.62255 722.8519 2324.17 30 12 0.5002058823529412 0.9115588235294119
-63.686768 147.0636 -177.05875 31 4 0.029617647058823526 0.4409705882352941
-71.83604 165.95053 -196.60968 31 4 0.029617647058823526 0.4409705882352941
-79.83919 184.94722 -216.19743 31 4 0.029617647058823526 0.4409705882352941
-87.74262 203.94489 -235.64043 31 4 0.029617647058823526 0.4409705882352941
-95.4729 223.11333 -255.18036 31 4 0.029617647058823526 0.4409705882352941
-103.08259 242.32957 -274.688 31 4 0.029617647058823526 0.4409705882352941
-110.65892 261.3863 -294.3161 31 4 0.029617647058823526 0.4409705882352941
-118.01442 280.72415 -313.9951 31 4 0.029617647058823526 0.4409705882352941
-125.360985 299.83908 -333.4468 31 4 0.029617647058823526 0.4409705882352941
-132.45293 319.3164 -352.86435 31 4 0.029617647058823526 0.4409705882352941
-139.50578 338.63815 -372.46204 31 4 0.029617647058823526 0.4409705882352941
-146.39224 358.11 -391.94693 31 4 0.029617647058823526 0.4409705882352941
-153.16922 377.59256 -411.47363 31 4 0.029617647058823526 0.4409705882352941
-159.78764 397.2057 -431.32346 31 4 0.029617647058823526 0.4409705882352941
-166.31732 416.77515 -450.80737 31 4 0.029617647058823526 0.4409705882352941
-172.68764 436.47577 -470.0725 31 4 0.029617647058823526 0.4409705882352941
-178.98631 456.0849 -489.97662 31 4 0.029617647058823526 0.4409705882352941
-185.15573 475.74573 -509.37384 31 4 0.029617647058823526 0.4409705882352941
-191.22124 495.39133 -528.9179 31 4 0.029617647058823526 0.4409705882352941
-202.88823 535.02673 -568.32996 31 4 0.029617647058823526 0.4409705882352941
-208.47527 555.05615 -587.92163 31 4 0.029617647058823526 0.4409705882352941
-213.98843 574.98535 -607.48645 31 4 0.029617647058823526 0.4409705882352941
-219.36263 594.9857 -626.85693 31 4 0.029617647058823526 0.4409705882352941
-224.61903 614.9986 -646.8464 31 4 0.029617647058823526 0.4409705882352941
-229.74747 635.04987 -666.30365 31 4 0.029617647058823526 0.4409705882352941
-234.72363 655.2059 -686.0017 31 4 0.029617647058823526 0.4409705882352941
-239.62822 675.2397 -705.7151 31 4 0.029617647058823526 0.4409705882352941
-244.44586 695.1888 -725.1833 31 4 0.029617647058823526 0.4409705882352941
-248.9578 715.6769 -744.9797 31 4 0.029617647058823526 0.4409705882352941
-253.47488 735.815 -764.8653 31 4 0.029617647058823526 0.4409705882352941
-257.78067 756.22485 -784.31354 31 4 0.029617647058823526 0.4409705882352941
-262.04523 776.408 -804.11334 31 4 0.029617647058823526 0.4409705882352941
-266.08987 796.8901 -823.73193 31 4 0.029617647058823526 0.4409705882352941
-38.30089 -144.22093 132.25429 32 8 0.26491176470588235 0.676264705882353
-41.32842 -164.78891 120.37822 32 8 0.26491176470588235 0.676264705882353
-43.9665 -185.3071 108.56132 32 8 0.26491176470588235 0.676264705882353
-46.171677 -205.9308 96.7982 32 8 0.26491176470588235 0.676264705882353
-47.99151 -226.426 84.80666 32 8 0.26491176470588235 0.676264705882353
-49.364216 -247.05002 72.731834 32 8 0.26491176470588235 0.676264705882353
-50.29719 -267.76056 61.041885 32 8 0.26491176470588235 0.676264705882353
-50.745346 -288.80334 49.052074 32 8 0.26491176470588235 0.676264705882353
-50.841984 -309.40945 37.117134 32 8 0.26491176470588235 0.676264705882353
-50.461872 -330.27063 25.257118 32 8 0.26491176470588235 0.676264705882353
-49.6451 -351.137 13.171533 32 8 0.26491176470588235 0.676264705882353
-48.387794 -372.01068 1.1680269 32 8 0.26491176470588235 0.676264705882353
-44.53859 -413.78345 -22.760502 32 8 0.26491176470588235 0.676264705882353
-41.9462 -434.63034 -34.79511 32 8 0.26491176470588235 0.676264705882353
-38.89555 -455.54816 -46.974823 32 8 0.26491176470588235 0.676264705882353
-35.403748 -476.3069 -59.199455 32 8 0.26491176470588235 0.676264705882353
-31.425505 -497.50668 -71.38832 32 8 0.26491176470588235 0.676264705882353
-27.030197 -518.06445 -83.63905 32 8 0.26491176470588235 0.676264705882353
-22.155699 -538.9372 -95.890236 32 8 0.26491176470588235 0.676264705882353
-16.835278 -559.3268 -108.04046 32 8 0.26491176470588235 0.676264705882353
-11.033139 -580.2261 -120.51362 32 8 0.26491176470588235 0.676264705882353
-4.7735987 -600.6318 -132.70244 32 8 0.26491176470588235 0.676264705882353
1.9580315 -621.1765 -145.20538 32 8 0.26491176470588235 0.676264705882353
9.158988 -641.72595 -157.4924 32 8 0.26491176470588235 0.676264705882353
16.83867 -661.8891 -170.06726 32 8 0.26491176470588235 0.676264705882353
24.97917 -682.4893 -182.49092 32 8 0.26491176470588235 0.676264705882353
33.61822 -702.4084 -195.16849 32 8 0.26491176470588235 0.676264705882353
42.731968 -722.41473 -207.83144 32 8 0.26491176470588235 0.676264705882353
52.32245 -742.4124 -220.39436 32 8 0.26491176470588235 0.676264705882353
62.4094 -762.13745 -233.23978 32 8 0.26491176470588235 0.676264705882353
72.97557 -781.84735 -245.95831 32 8 0.26491176470588235 0.676264705882353
84.026024 -801.4705 -258.7027 32 8 0.26491176470588235 0.676264705882353
95.604614 -820.6269 -271.68018 32 8 0.26491176470588235 0.676264705882353
107.66866 -839.7468 -284.81168 32 8 0.26491176470588235 0.676264705882353
10.395462 120.315056 247.13014 33 8 0.26491176470588235 0.676264705882353
14.398108 140.614 252.69447 33 8 0.26491176470588235 0.676264705882353
18.731335 160.76091 258.6366 33 8 0.26491176470588235 0.676264705882353
23.390495 180.81596 264.4143 33 8 0.26491176470588235 0.676264705882353
28.368042 200.83372 270.15433 33 8 0.26491176470588235 0.676264705882353
39.274784 240.73088 281.6102 33 8 0.26491176470588235 0.676264705882353
45.228542 260.44833 287.50424 33 8 0.26491176470588235 0.676264705882353
51.43376 280.46902 293.45728 33 8 0.26491176470588235 0.676264705882353
58.04736 299.91696 299.09695 33 8 0.26491176470588235 0.676264705882353
64.95676 319.41156 304.75635 33 8 0.26491176470588235 0.676264705882353
72.153305 338.96927 310.50302 33 8 0.26491176470588235 0.676264705882353
79.66527 358.43738 316.35886 33 8 0.26491176470588235 0.676264705882353
87.51802 377.70023 322.4204 33 8 0.26491176470588235 0.676264705882353
95.71624 396.7452 327.99432 33 8 0.26491176470588235 0.676264705882353
104.16232 415.96948 333.84244 33 8 0.26491176470588235 0.676264705882353
112.952644 434.96545 339.77545 33 8 0.26491176470588235 0.676264705882353
122.06449 453.82428 345.67996 33 8 0.26491176470588235 0.676264705882353
131.4524 472.70593 351.64798 33 8 0.26491176470588235 0.676264705882353
141.26987 491.05725 357.3409 33 8 0.26491176470588235 0.676264705882353
151.30624 509.62057 363.0967 33 8 0.26491176470588235 0.676264705882353
161.70596 527.8875 369.04776 33 8 0.26491176470588235 0.676264705882353
183.37502 564.24554 380.79733 33 8 0.26491176470588235 0.676264705882353
194.68213 582.19904 386.78488 33 8 0.26491176470588235 0.676264705882353
206.35298 599.8539 392.66733 33 8 0.26491176470588235 0.676264705882353
218.30699 617.4445 398.66504 33 8 0.26491176470588235 0.676264705882353
230.49861 635.0837 404.47656 33 8 0.26491176470588235 0.676264705882353
243.03159 652.4711 410.25247 33 8 0.26491176470588235 0.676264705882353
255.9623 669.4604 416.406 33 8 0.26491176470588235 0.676264705882353
269.21817 686.2479 422.4673 33 8 0.26491176470588235 0.676264705882353
282.65213 703.19604 428.22586 33 8 0.26491176470588235 0.676264705882353
296.49274 719.71954 434.46603 33 8 0.26491176470588235 0.676264705882353
310.73697 735.83704 440.43475 33 8 0.26491176470588235 0.676264705882353
325.0864 752.24854 446.60443 33 8 0.26491176470588235 0.676264705882353
129.28029 -73.43164 308.4435 34 11 0.4413823529411765 0.8527352941176471
147.28717 -83.16342 315.90314 34 11 0.4413823529411765 0.8527352941176471
165.53603 -92.83113 323.5282 34 11 0.4413823529411765 0.8527352941176471
183.81523 -102.55481 331.09354 34 11 0.4413823529411765 0.8527352941176471
201.80363 -112.51296 339.13443 34 11 0.4413823529411765 0.8527352941176471
219.66806 -122.61168 346.8015 34 11 0.4413823529411765 0.8527352941176471
237.7498 -132.6602 354.75296 34 11 0.4413823529411765 0.8527352941176471
255.66557 -142.87178 362.09528 34 11 0.4413823529411765 0.8527352941176471
273.33362 -153.29207 369.95975 34 11 0.4413823529411765 0.8527352941176471
308.84213 -174.24443 385.33304 34 11 0.4413823529411765 0.8527352941176471
326.5222 -184.86519 393.23657 34 11 0.4413823529411765 0.8527352941176471
344.2036 -195.55276 400.68268 34 11 0.4413823529411765 0.8527352941176471
361.69482 -206.41557 408.34668 34 11 0.4413823529411765 0.8527352941176471
379.1705 -217.35399 416.09488 34 11 0.4413823529411765 0.8527352941176471
396.49078 -228.44778 423.9484 34 11 0.4413823529411765 0.8527352941176471
413.96075 -239.52075 431.479 34 11 0.4413823529411765 0.8527352941176471
431.3667 -250.69495 439.27292 34 11 0.4413823529411765 0.8527352941176471
448.56247 -262.05527 446.96384 34 11 0.4413823529411765 0.8527352941176471
465.72226 -273.50034 454.86282 34 11 0.4413823529411765 0.8527352941176471
482.80508 -285.05356 462.30893 34 11 0.4413823529411765 0.8527352941176471
499.98648 -296.61053 469.9997 34 11 0.4413823529411765 0.8527352941176471
516.8252 -308.43246 477.82712 34 11 0.4413823529411765 0.8527352941176471
533.84784 -320.2057 485.52737 34 11 0.4413823529411765 0.8527352941176471
550.6104 -332.19516 493.22827 34 11 0.4413823529411765 0.8527352941176471
567.43317 -344.20807 500.8571 34 11 0.4413823529411765 0.8527352941176471
584.0497 -356.4052 508.42532 34 11 0.4413823529411765 0.8527352941176471
600.93414 -368.49673 516.50946 34 11 0.4413823529411765 0.8527352941176471
617.72394 -380.7024 524.1601 34 11 0.4413823529411765 0.8527352941176471
634.155 -393.1857 531.92883 34 11 0.4413823529411765 0.8527352941176471
650.49664 -405.7813 539.5332 34 11 0.4413823529411765 0.8527352941176471
667.0421 -418.30502 547.48175 34 11 0.4413823529411765 0.8527352941176471
683.17316 -431.14352 555.2328 34 11 0.4413823529411765 0.8527352941176471
715.9761 -456.6394 570.5187 34 11 0.4413823529411765 0.8527352941176471
-132.37585 -55.482624 328.9096 35 11 0.4413823529411765 0.8527352941176471
-152.06908 -61.501984 338.44376 35 11 0.4413823529411765 0.8527352941176471
-171.84132 -67.595215 347.72018 35 11 0.4413823529411765 0.8527352941176471
-210.99355 -80.25006 366.80188 35 11 0.4413823529411765 0.8527352941176471
-230.52698 -86.74968 376.1121 35 11 0.4413823529411765 0.8527352941176471
-249.96355 -93.38943 385.4751 35 11 0.4413823529411765 0.8527352941176471
-269.5868 -100.063385 394.954 35 11 0.4413823529411765 0.8527352941176471
-288.9734 -106.92887 404.5166 35 11 0.4413823529411765 0.8527352941176471
-308.45178 -113.863556 413.98477 35 11 0.4413823529411765 0.8527352941176471
-327.662 -121.00014 423.27402 35 11 0.4413823529411765 0.8527352941176471
-347.1569 -128.13414 432.88297 35 11 0.4413823529411765 0.8527352941176471
-366.4569 -135.44221 442.2904 35 11 0.4413823529411765 0.8527352941176471
-385.6529 -142.89056 451.77008 35 11 0.4413823529411765 0.8527352941176471
-404.74667 -150.47838 461.38467 35 11 0.4413823529411765 0.8527352941176471
-423.96933 -158.11938 470.85065 35 11 0.4413823529411765 0.8527352941176471
-443.11743 -165.88873 480.26688 35 11 0.4413823529411765 0.8527352941176471
-462.1491 -173.80193 489.6127 35 11 0.4413823529411765 0.8527352941176471
-481.13568 -181.83208 498.93253 35 11 0.4413823529411765 0.8527352941176471
-500.1715 -189.943 508.618 35 11 0.4413823529411765 0.8527352941176471
-519.1136 -198.18839 518.26984 35 11 0.4413823529411765 0.8527352941176471
-537.82446 -206.62099 527.7372 35 11 0.4413823529411765 0.8527352941176471
-575.6229 -223.63565 546.63495 35 11 0.4413823529411765 0.8527352941176471
-594.5005 -232.2967 556.209 35 11 0.4413823529411765 0.8527352941176471
-612.93463 -241.2282 565.62775 35 11 0.4413823529411765 0.8527352941176471
-631.7918 -250.08969 574.91986 35 11 0.4413823529411765 0.8527352941176471
-650.36456 -259.15915 584.5516 35 11 0.4413823529411765 0.8527352941176471
-669.0093 -268.29507 594.13824 35 11 0.4413823529411765 0.8527352941176471
-687.38696 -277.63306 603.56647 35 11 0.4413823529411765 0.8527352941176471
-705.832 -287.03848 612.9964 35 11 0.4413823529411765 0.8527352941176471
-724.3087 -296.5247 622.85846 35 11 0.4413823529411765 0.8527352941176471
-742.6887 -306.1435 632.1369 35 11 0.4413823529411765 0.8527352941176471
-760.9641 -315.89822 641.5805 35 11 0.4413823529411765 0.8527352941176471
-118.776115 87.990074 456.99982 36 10 0.3825588235294118 0.7939117647058824
-135.20714 100.479126 481.34406 36 10 0.3825588235294118 0.7939117647058824
-151.39072 113.26099 505.1426 36 10 0.3825588235294118 0.7939117647058824
-167.53534 126.1759 529.3258 36 10 0.3825588235294118 0.7939117647058824
-183.29031 139.48381 553.5705 36 10 0.3825588235294118 0.7939117647058824
-199.01393 152.91023 577.94354 36 10 0.3825588235294118 0.7939117647058824
-214.36885 166.70969 601.77 36 10 0.3825588235294118 0.7939117647058824
-229.71335 180.60153 626.12866 36 10 0.3825588235294118 0.7939117647058824
-244.67207 194.87552 650.5084 36 10 0.3825588235294118 0.7939117647058824
-259.813 209.07594 674.42487 36 10 0.3825588235294118 0.7939117647058824
-274.47748 223.72452 698.83514 36 10 0.3825588235294118 0.7939117647058824
-288.92538 238.6111 723.02515 36 10 0.3825588235294118 0.7939117647058824
-303.16205 253.72769 747.3792 36 10 0.3825588235294118 0.7939117647058824
-317.38687 268.90143 771.59265 36 10 0.3825588235294118 0.7939117647058824
-331.19962 284.46542 796.1179 36 10 0.3825588235294118 0.7939117647058824
-344.84998 300.20493 820.51746 36 10 0.3825588235294118 0.7939117647058824
-358.27124 316.1728 844.7931 36 10 0.3825588235294118 0.7939117647058824
-371.60074 332.2424 869.39923 36 10 0.3825588235294118 0.7939117647058824
-397.30298 365.27673 918.0939 36 10 0.3825588235294118 0.7939117647058824
-409.85324 382.07422 942.8745 36 10 0.3825588235294118 0.7939117647058824
-422.09363 399.1545 967.4591 36 10 0.3825588235294118 0.7939117647058824
-434.36322 416.19107 991.91406 36 10 0.3825588235294118 0.7939117647058824
-446.0748 433.73944 1016.47675 36 10 0.3825588235294118 0.7939117647058824
-457.76782 451.27606 1041.0332 36 10 0.3825588235294118 0.7939117647058824
-469.2002 469.02902 1065.9388 36 10 0.3825588235294118 0.7939117647058824
-480.33392 487.03253 1090.7078 36 10 0.3825588235294118 0.7939117647058824
-491.186 505.26633 1115.516 36 10 0.3825588235294118 0.7939117647058824
-501.91248 523.5639 1140.3011 36 10 0.3825588235294118 0.7939117647058824
-512.2193 542.2256 1165.3243 36 10 0.3825588235294118 0.7939117647058824
-522.2847 561.062 1190.2101 36 10 0.3825588235294118 0.7939117647058824
-532.1493 580.023 1215.2266 36 10 0.3825588235294118 0.7939117647058824
-541.6491 599.28125 1240.1813 36 10 0.3825588235294118 0.7939117647058824
-551.019 618.5724 1265.2225 36 10 0.3825588235294118 0.7939117647058824
-560.1582 637.9987 1290.6254 36 10 0.3825588235294118 0.7939117647058824
137.99649 26.935947 397.8171 37 10 0.3825588235294118 0.7939117647058824
158.55304 29.117159 413.313 37 10 0.3825588235294118 0.7939117647058824
179.1463 31.168945 428.8166 37 10 0.3825588235294118 0.7939117647058824
199.44826 33.14573 444.29398 37 10 0.3825588235294118 0.7939117647058824
220.04134 34.947937 459.9158 37 10 0.3825588235294118 0.7939117647058824
240.78236 36.603073 475.39545 37 10 0.3825588235294118 0.7939117647058824
261.1626 38.18763 490.74347 37 10 0.3825588235294118 0.7939117647058824
281.68332 39.624416 506.1603 37 10 0.3825588235294118 0.7939117647058824
302.24533 40.928898 521.7366 37 10 0.3825588235294118 0.7939117647058824
322.8434 42.10206 537.4152 37 10 0.3825588235294118 0.7939117647058824
343.57245 43.13218 552.8069 37 10 0.3825588235294118 0.7939117647058824
363.96585 44.07722 568.15594 37 10 0.3825588235294118 0.7939117647058824
384.5799 44.8675 583.96423 37 10 0.3825588235294118 0.7939117647058824
405.2396 45.525333 599.2825 37 10 0.3825588235294118 0.7939117647058824
425.99875 46.045204 614.71423 37 10 0.3825588235294118 0.7939117647058824
446.47974 46.467365 630.0828 37 10 0.3825588235294118 0.7939117647058824
467.17123 46.739304 645.8768 37 10 0.3825588235294118 0.7939117647058824
487.811 46.888527 661.33356 37 10 0.3825588235294118 0.7939117647058824
508.44943 46.90955 677.04456 37 10 0.3825588235294118 0.7939117647058824
529.10455 46.800568 692.3085 37 10 0.3825588235294118 0.7939117647058824
549.73114 46.565388 707.87866 37 10 0.3825588235294118 0.7939117647058824
570.47675 46.19157 723.4838 37 10 0.3825588235294118 0.7939117647058824
591.2751 45.685368 738.9136 37 10 0.3825588235294118 0.7939117647058824
611.5951 45.08631 754.71326 37 10 0.3825588235294118 0.7939117647058824
632.3876 44.322422 770.0678 37 10 0.3825588235294118 0.7939117647058824
653.1638 43.43115 785.81604 37 10 0.3825588235294118 0.7939117647058824
673.691 42.426826 801.08344 37 10 0.3825588235294118 0.7939117647058824
694.51263 41.274372 816.87933 37 10 0.3825588235294118 0.7939117647058824
714.9807 40.013012 832.3198 37 10 0.3825588235294118 0.7939117647058824
735.93195 38.595028 848.1188 37 10 0.3825588235294118 0.7939117647058824
756.69653 37.058163 863.47626 37 10 0.3825588235294118 0.7939117647058824
777.0565 35.410305 879.15424 37 10 0.3825588235294118 0.7939117647058824
797.7056 33.617958 894.75037 37 10 0.3825588235294118 0.7939117647058824
818.49524 31.689774 910.11633 37 10 0.3825588235294118 0.7939117647058824
838.92303 29.644846 926.00903 37 10 0.3825588235294118 0.7939117647058824
45.530823 110.58134 354.3723 38 8 0.26491176470588235 0.676264705882353
50.358864 130.65944 376.55817 38 8 0.26491176470588235 0.676264705882353
54.065712 151.4214 399.3069 38 8 0.26491176470588235 0.676264705882353
58.598923 193.42265 444.4319 38 8 0.26491176470588235 0.676264705882353
59.348415 214.66675 467.24442 38 8 0.26491176470588235 0.676264705882353
58.94906 236.44171 490.3619 38 8 0.26491176470588235 0.676264705882353
57.578167 257.94604 513.2907 38 8 0.26491176470588235 0.676264705882353
55.086304 279.62173 536.87897 38 8 0.26491176470588235 0.676264705882353
51.472706 301.32806 560.4639 38 8 0.26491176470588235 0.676264705882353
46.70652 323.0487 584.2398 38 8 0.26491176470588235 0.676264705882353
40.774864 344.62378 608.2773 38 8 0.26491176470588235 0.676264705882353
33.59642 366.4854 632.7821 38 8 0.26491176470588235 0.676264705882353
25.223276 387.76727 657.5106 38 8 0.26491176470588235 0.676264705882353
15.553484 409.28973 682.4899 38 8 0.26491176470588235 0.676264705882353
4.5939236 430.308 707.85675 38 8 0.26491176470588235 0.676264705882353
-21.395214 471.50845 760.3148 38 8 0.26491176470588235 0.676264705882353
-53.116005 510.78723 814.2171 38 8 0.26491176470588235 0.676264705882353
-71.252495 529.5815 842.25916 38 8 0.26491176470588235 0.676264705882353
-90.94809 547.91064 870.94775 38 8 0.26491176470588235 0.676264705882353
-112.35279 565.1461 900.5021 38 8 0.26491176470588235 0.676264705882353
-135.47832 581.5761 930.8123 38 8 0.26491176470588235 0.676264705882353
-160.45784 596.8533 962.06055 38 8 0.26491176470588235 0.676264705882353
-187.27524 611.2397 994.7445 38 8 0.26491176470588235 0.676264705882353
-216.27507 623.787 1028.6123 38 8 0.26491176470588235 0.676264705882353
-247.60559 634.3917 1064.1344 38 8 0.26491176470588235 0.676264705882353
-281.20624 643.41034 1101.2532 38 8 0.26491176470588235 0.676264705882353
-317.50333 649.9599 1140.8396 38 8 0.26491176470588235 0.676264705882353
-356.88013 653.4323 1183.0399 38 8 0.26491176470588235 0.676264705882353
-399.86688 653.01215 1229.2056 38 8 0.26491176470588235 0.676264705882353
-447.01477 647.841 1279.9651 38 8 0.26491176470588235 0.676264705882353
-499.78784 635.58966 1337.9606 38 8 0.26491176470588235 0.676264705882353
-560.83344 612.13336 1407.9639 38 8 0.26491176470588235 0.676264705882353
-144.97217 20.309778 149.26337 39 5 0.08844117647058825 0.49979411764705883
-165.75694 18.764805 148.37268 39 5 0.08844117647058825 0.49979411764705883
-186.38504 16.41554 147.36333 39 5 0.08844117647058825 0.49979411764705883
-207.155 13.225928 146.39986 39 5 0.08844117647058825 0.49979411764705883
-248.33571 4.368345 144.26547 39 5 0.08844117647058825 0.49979411764705883
-268.7101 -1.3166689 143.57835 39 5 0.08844117647058825 0.49979411764705883
-288.903 -7.8497787 142.52942 39 5 0.08844117647058825 0.49979411764705883
-309.04803 -15.231274 141.56999 39 5 0.08844117647058825 0.49979411764705883
-328.9153 -23.473305 140.65602 39 5 0.08844117647058825 0.49979411764705883
-348.63477 -32.572365 139.63246 39 5 0.08844117647058825 0.49979411764705883
-368.00165 -42.54969 138.58017 39 5 0.08844117647058825 0.49979411764705883
-387.13458 -53.39759 137.15614 39 5 0.08844117647058825 0.49979411764705883
-405.942 -65.12879 136.18582 39 5 0.08844117647058825 0.49979411764705883
-424.53653 -77.72405 135.30276 39 5 0.08844117647058825 0.49979411764705883
-442.62518 -91.23435 134.07661 39 5 0.08844117647058825 0.49979411764705883
-477.41492 -120.99415 132.08514 39 5 0.08844117647058825 0.49979411764705883
-493.97385 -137.28185 130.94598 39 5 0.08844117647058825 0.49979411764705883
-510.29868 -154.41216 130.15974 39 5 0.08844117647058825 0.49979411764705883
-525.7906 -172.5529 128.77675 39 5 0.08844117647058825 0.49979411764705883
-540.9176 -191.55026 127.83842 39 5 0.08844117647058825 0.49979411764705883
-555.15265 -211.57465 126.486626 39 5 0.08844117647058825 0.49979411764705883
-568.5633 -232.60397 125.27507 39 5 0.08844117647058825 0.49979411764705883
-581.31146 -254.56078 124.28755 39 5 0.08844117647058825 0.49979411764705883
-593.13135 -277.54034 122.81108 39 5 0.08844117647058825 0.49979411764705883
-614.06726 -326.45337 120.44266 39 5 0.08844117647058825 0.49979411764705883
-622.84155 -352.50848 119.31519 39 5 0.08844117647058825 0.49979411764705883
-630.3098 -379.6937 118.01661 39 5 0.08844117647058825 0.49979411764705883
-636.8092 -407.75793 116.576385 39 5 0.08844117647058825 0.49979411764705883
-641.50366 -437.17123 115.076546 39 5 0.08844117647058825 0.49979411764705883
-644.8511 -467.57422 113.712494 39 5 0.08844117647058825 0.49979411764705883
-646.258 -499.30002 112.207344 39 5 0.08844117647058825 0.49979411764705883
-645.8157 -532.1812 110.8089 39 5 0.08844117647058825 0.49979411764705883
-30.847319 -146.73857 -99.56132 40 7 0.20608823529411763 0.6174411764705883
-33.94685 -167.07263 -91.31278 40 7 0.20608823529411763 0.6174411764705883
-36.76861 -187.49405 -83.198654 40 7 0.20608823529411763 0.6174411764705883
-39.297546 -208.0809 -75.019966 40 7 0.20608823529411763 0.6174411764705883
-41.57649 -228.6055 -66.651184 40 7 0.20608823529411763 0.6174411764705883
-43.589653 -249.13924 -58.375362 40 7 0.20608823529411763 0.6174411764705883
-45.331932 -269.7022 -50.066544 40 7 0.20608823529411763 0.6174411764705883
-46.76557 -290.521 -41.848488 40 7 0.20608823529411763 0.6174411764705883
-48.008316 -310.85535 -33.56334 40 7 0.20608823529411763 0.6174411764705883
-48.88985 -331.78104 -25.36148 40 7 0.20608823529411763 0.6174411764705883
-49.544277 -352.41937 -17.107502 40 7 0.20608823529411763 0.6174411764705883
-49.919697 -373.10254 -8.72361 40 7 0.20608823529411763 0.6174411764705883
-49.999596 -393.9561 -0.53369063 40 7 0.20608823529411763 0.6174411764705883
-49.837563 -414.55142 7.4780903 40 7 0.20608823529411763 0.6174411764705883
-49.376076 -435.33743 15.949082 40 7 0.20608823529411763 0.6174411764705883
-48.644264 -456.06546 24.29938 40 7 0.20608823529411763 0.6174411764705883
-47.620274 -476.93054 32.67974 40 7 0.20608823529411763 0.6174411764705883
-46.320873 -497.77017 40.86359 40 7 0.20608823529411763 0.6174411764705883
-44.75958 -518.40955 49.23124 40 7 0.20608823529411763 0.6174411764705883
-42.895298 -539.30164 57.48905 40 7 0.20608823529411763 0.6174411764705883
-40.751587 -560.18066 65.671646 40 7 0.20608823529411763 0.6174411764705883
-38.347946 -580.73413 74.244225 40 7 0.20608823529411763 0.6174411764705883
-35.63153 -601.72955 82.67121 40 7 0.20608823529411763 0.6174411764705883
-32.64845 -622.44556 91.21271 40 7 0.20608823529411763 0.6174411764705883
-29.379307 -643.1685 99.42408 40 7 0.20608823529411763 0.6174411764705883
-25.818314 -664.0363 108.05195 40 7 0.20608823529411763 0.6174411764705883
-21.97899 -684.7044 116.254364 40 7 0.20608823529411763 0.6174411764705883
-17.853542 -705.3037 124.667274 40 7 0.20608823529411763 0.6174411764705883
-13.432818 -726.2342 133.05925 40 7 0.20608823529411763 0.6174411764705883
-8.732841 -746.68134 141.53194 40 7 0.20608823529411763 0.6174411764705883
-3.7403724 -767.2941 150.0938 40 7 0.20608823529411763 0.6174411764705883
1.5416781 -787.8857 158.45404 40 7 0.20608823529411763 0.6174411764705883
7.1147037 -808.35144 167.01791 40 7 0.20608823529411763 0.6174411764705883
12.979157 -828.82495 175.48961 40 7 0.20608823529411763 0.6174411764705883
19.136204 -849.2422 184.114 40 7 0.20608823529411763 0.6174411764705883
-40.744072 114.995964 -80.23016 41 14 0.6178529411764706 1.0
-44.172523 135.22136 -72.38913 41 14 0.6178529411764706 1.0
-47.725616 155.47383 -64.72738 41 14 0.6178529411764706 1.0
-51.38375 175.83197 -56.920258 41 14 0.6178529411764706 1.0
-55.180733 196.19048 -48.79195 41 14 0.6178529411764706 1.0
-59.25031 216.05861 -41.248554 41 14 0.6178529411764706 1.0
-63.324352 236.40315 -33.293396 41 14 0.6178529411764706 1.0
-67.56817 256.62677 -25.391712 41 14 0.6178529411764706 1.0
-71.92959 276.923 -17.254183 41 14 0.6178529411764706 1.0
-76.48249 297.0061 -9.829155 41 14 0.6178529411764706 1.0
-81.20046 316.9732 -1.9155426 41 14 0.6178529411764706 1.0
-86.00765 337.11963 5.9227405 41 14 0.6178529411764706 1.0
-91.03254 356.94202 13.65707 41 14 0.6178529411764706 1.0
-96.117294 377.0578 21.650648 41 14 0.6178529411764706 1.0
-101.356346 397.0955 29.346453 41 14 0.6178529411764706 1.0
-106.832115 416.73206 37.343517 41 14 0.6178529411764706 1.0
-112.325554 436.8222 45.287357 41 14 0.6178529411764706 1.0
-118.05162 456.5268 52.928425 41 14 0.6178529411764706 1.0
-123.80385 476.64447 60.885845 41 14 0.6178529411764706 1.0
-129.81097 496.2915 68.76987 41 14 0.6178529411764706 1.0
-135.98102 515.82434 76.568275 41 14 0.6178529411764706 1.0
-142.20595 535.651 84.46318 41 14 0.6178529411764706 1.0
-148.57767 555.4191 92.5023 41 14 0.6178529411764706 1.0
-155.13875 574.9703 100.04543 41 14 0.6178529411764706 1.0
-161.7775 594.7182 108.04661 41 14 0.6178529411764706 1.0
-168.64014 614.123 115.99884 41 14 0.6178529411764706 1.0
-175.58138 633.71594 123.560715 41 14 0.6178529411764706 1.0
-182.75522 652.93915 131.79865 41 14 0.6178529411764706 1.0
-189.95549 672.53076 139.66852 41 14 0.6178529411764706 1.0
-197.32841 691.9652 147.30038 41 14 0.6178529411764706 1.0
-204.88437 711.2085 155.39954 41 14 0.6178529411764706 1.0
-212.5756 730.42804 163.17455 41 14 0.6178529411764706 1.0
-220.29546 749.9851 171.1507 41 14 0.6178529411764706 1.0
-228.2684 769.1107 178.93842 41 14 0.6178529411764706 1.0
-236.4003 788.12933 186.83571 41 14 0.6178529411764706 1.0
-46.958878 -127.84716 195.47816 42 17 0.7943235294117648 1.0
-51.988926 -147.58868 191.18015 42 17 0.7943235294117648 1.0
-60.935665 -188.08595 182.463 42 17 0.7943235294117648 1.0
-65.11985 -208.04152 178.32555 42 17 0.7943235294117648 1.0
-68.8742 -228.53906 173.86989 42 17 0.7943235294117648 1.0
-72.44312 -248.78596 169.52458 42 17 0.7943235294117648 1.0
-75.68148 -269.2575 165.16011 42 17 0.7943235294117648 1.0
-78.64451 -289.76163 160.83752 42 17 0.7943235294117648 1.0
-81.41112 -309.98782 156.53111 42 17 0.7943235294117648 1.0
-83.737854 -330.85504 152.12312 42 17 0.7943235294117648 1.0
-85.85873 -351.46323 147.75574 42 17 0.7943235294117648 1.0
-87.70513 -372.06152 143.53806 42 17 0.7943235294117648 1.0
-89.26041 -392.70966 139.25 42 17 0.7943235294117648 1.0
-90.4726 -413.63824 134.90677 42 17 0.7943235294117648 1.0
-91.45903 -434.31064 130.63461 42 17 0.7943235294117648 1.0
-92.1034 -455.25754 126.20393 42 17 0.7943235294117648 1.0
-92.50689 -475.97998 121.68671 42 17 0.7943235294117648 1.0
-92.58796 -496.87378 117.43035 42 17 0.7943235294117648 1.0
-91.85869 -538.7739 108.582 42 17 0.7943235294117648 1.0
-91.043335 -559.79553 104.03114 42 17 0.7943235294117648 1.0
-89.92158 -580.8951 99.94734 42 17 0.7943235294117648 1.0
-88.53523 -601.78766 95.50577 42 17 0.7943235294117648 1.0
-86.83252 -622.79694 91.06291 42 17 0.7943235294117648 1.0
-84.835785 -643.76056 86.7304 42 17 0.7943235294117648 1.0
-82.55743 -664.5567 82.2633 42 17 0.7943235294117648 1.0
-79.944756 -685.5911 77.85508 42 17 0.7943235294117648 1.0
-77.0164 -706.729 73.566696 42 17 0.7943235294117648 1.0
-73.81415 -727.56744 68.82257 42 17 0.7943235294117648 1.0
-70.26865 -748.75885 64.64755 42 17 0.7943235294117648 1.0
-66.44125 -769.6705 60.158028 42 17 0.7943235294117648 1.0
-62.299343 -790.62134 55.53341 42 17 0.7943235294117648 1.0
-57.850998 -811.49554 50.894394 42 17 0.7943235294117648 1.0
-53.078213 -832.5328 46.659187 42 17 0.7943235294117648 1.0
57.743343 -107.99763 83.97569 43 16 0.7355 1.0
62.749096 -128.50365 78.793076 43 16 0.7355 1.0
67.09269 -148.833 73.41676 43 16 0.7355 1.0
70.36511 -169.77275 68.20231 43 16 0.7355 1.0
72.904144 -190.45692 62.972805 43 16 0.7355 1.0
74.38021 -211.60884 57.701744 43 16 0.7355 1.0
74.8464 -233.05138 52.356182 43 16 0.7355 1.0
74.31343 -254.68452 46.751945 43 16 0.7355 1.0
72.86138 -276.10992 41.434727 43 16 0.7355 1.0
70.30729 -297.86722 35.876774 43 16 0.7355 1.0
66.71262 -319.6229 30.735691 43 16 0.7355 1.0
62.0497 -341.34677 24.78798 43 16 0.7355 1.0
56.254837 -363.2367 19.352962 43 16 0.7355 1.0
49.403404 -384.59097 13.663367 43 16 0.7355 1.0
41.325916 -406.40616 7.8863277 43 16 0.7355 1.0
32.11392 -427.6511 1.9823487 43 16 0.7355 1.0
21.672812 -448.92642 -3.8002815 43 16 0.7355 1.0
9.994125 -469.9509 -9.7501135 43 16 0.7355 1.0
-2.9584284 -490.34818 -15.759131 43 16 0.7355 1.0
-17.228079 -510.67175 -21.978365 43 16 0.7355 1.0
-32.854233 -530.4844 -28.236002 43 16 0.7355 1.0
-49.874386 -549.8696 -34.77866 43 16 0.7355 1.0
-68.35814 -568.5268 -41.383556 43 16 0.7355 1.0
-88.335846 -586.621 -48.079395 43 16 0.7355 1.0
-109.90616 -603.79944 -54.917576 43 16 0.7355 1.0
-133.13405 -620.04346 -62.023266 43 16 0.7355 1.0
-158.041 -635.48914 -69.24702 43 16 0.7355 1.0
-184.72395 -649.90216 -77.05911 43 16 0.7355 1.0
-213.42105 -662.6687 -84.61151 43 16 0.7355 1.0
-244.1982 -673.86536 -93.011856 43 16 0.7355 1.0
-277.1373 -683.4459 -101.660385 43 16 0.7355 1.0
-312.53564 -690.8267 -110.70159 43 16 0.7355 1.0
-350.68137 -695.56067 -120.24825 43 16 0.7355 1.0
-391.86023 -697.2318 -130.45633 43 16 0.7355 1.0
-436.66898 -694.86084 -141.8225 43 16 0.7355 1.0
-138.63164 -46.99342 -124.590576 44 7 0.20608823529411763 0.6174411764705883
-157.46695 -56.30811 -119.962715 44 7 0.20608823529411763 0.6174411764705883
-175.743 -66.6022 -115.29645 44 7 0.20608823529411763 0.6174411764705883
-193.62228 -77.8025 -110.69134 44 7 0.20608823529411763 0.6174411764705883
-210.75966 -90.034096 -105.88175 44 7 0.20608823529411763 0.6174411764705883
-227.9405 -102.941666 -101.147675 44 7 0.20608823529411763 0.6174411764705883
-244.21135 -116.91549 -96.34011 44 7 0.20608823529411763 0.6174411764705883
-260.08255 -131.70154 -91.75339 44 7 0.20608823529411763 0.6174411764705883
-275.3015 -147.39186 -86.7062 44 7 0.20608823529411763 0.6174411764705883
-289.79202 -164.00153 -82.12862 44 7 0.20608823529411763 0.6174411764705883
-303.6699 -181.43358 -76.950356 44 7 0.20608823529411763 0.6174411764705883
-316.66275 -199.8131 -72.06037 44 7 0.20608823529411763 0.6174411764705883
-329.0141 -218.94963 -67.01588 44 7 0.20608823529411763 0.6174411764705883
-340.13828 -239.19075 -61.77025 44 7 0.20608823529411763 0.6174411764705883
-350.59293 -260.11328 -56.67706 44 7 0.20608823529411763 0.6174411764705883
-360.04703 -281.88928 -51.246548 44 7 0.20608823529411763 0.6174411764705883
-368.52856 -304.43274 -46.18812 44 7 0.20608823529411763 0.6174411764705883
-375.77066 -327.89163 -40.61932 44 7 0.20608823529411763 0.6174411764705883
-381.79272 -352.17972 -34.97393 44 7 0.20608823529411763 0.6174411764705883
-386.5271 -377.268 -29.258783 44 7 0.20608823529411763 0.6174411764705883
-389.98044 -403.03528 -23.582266 44 7 0.20608823529411763 0.6174411764705883
-391.72824 -429.7929 -17.605925 44 7 0.20608823529411763 0.6174411764705883
-391.93378 -457.232 -11.588526 44 7 0.20608823529411763 0.6174411764705883
-390.37073 -485.425 -5.4490504 44 7 0.20608823529411763 0.6174411764705883
-386.97946 -514.21704 1.103915 44 7 0.20608823529411763 0.6174411764705883
-381.2981 -543.9445 7.7184677 44 7 0.20608823529411763 0.6174411764705883
-373.3236 -574.2912 14.542679 44 7 0.20608823529411763 0.6174411764705883
-362.79135 -605.19257 21.89902 44 7 0.20608823529411763 0.6174411764705883
-349.2063 -636.8632 29.668783 44 7 0.20608823529411763 0.6174411764705883
-332.32715 -668.9102 37.566227 44 7 0.20608823529411763 0.6174411764705883
-311.47742 -701.4244 46.17073 44 7 0.20608823529411763 0.6174411764705883
-285.71686 -734.6568 55.55973 44 7 0.20608823529411763 0.6174411764705883
-254.13605 -767.8016 65.64084 44 7 0.20608823529411763 0.6174411764705883
-214.64958 -801.03174 77.165375 44 7 0.20608823529411763 0.6174411764705883
-163.66087 -834.10516 90.73054 44 7 0.20608823529411763 0.6174411764705883
123.29645 -85.23336 -147.2816 45 1 0.0 0.2645
139.74422 -97.590775 -132.14967 45 1 0.0 0.2645
156.20012 -109.99645 -116.96039 45 1 0.0 0.2645
172.6524 -122.45631 -101.71813 45 1 0.0 0.2645
188.88242 -135.1247 -86.67772 45 1 0.0 0.2645
205.04372 -147.89253 -71.32852 45 1 0.0 0.2645
221.05598 -160.81717 -56.14511 45 1 0.0 0.2645
237.12459 -173.74849 -40.93107 45 1 0.0 0.2645
253.05997 -186.8233 -25.906017 45 1 0.0 0.2645
268.95233 -199.9745 -10.540035 45 1 0.0 0.2645
284.6225 -213.33488 4.780965 45 1 0.0 0.2645
300.24274 -226.77588 20.060804 45 1 0.0 0.2645
315.88364 -240.24242 35.21471 45 1 0.0 0.2645
331.23734 -253.96768 50.435257 45 1 0.0 0.2645
346.88947 -267.50247 65.57487 45 1 0.0 0.2645
362.2812 -281.2737 80.8197 45 1 0.0 0.2645
377.45465 -295.25043 96.11729 45 1 0.0 0.2645
392.52438 -309.34375 111.298195 45 1 0.0 0.2645
422.63358 -337.65332 141.95775 45 1 0.0 0.2645
437.5012 -352.0035 156.93492 45 1 0.0 0.2645
452.26465 -366.467 172.31842 45 1 0.0 0.2645
466.93988 -381.03015 187.44139 45 1 0.0 0.2645
481.7096 -395.5419 202.8294 45 1 0.0 0.2645
496.05746 -410.4254 217.91876 45 1 0.0 0.2645
524.77155 -440.24988 248.47627 45 1 0.0 0.2645
539.1144 -455.2054 264.0061 45 1 0.0 0.2645
553.1379 -470.45016 279.1826 45 1 0.0 0.2645
567.18097 -485.6969 294.4327 45 1 0.0 0.2645
581.1158 -501.05307 309.7717 45 1 0.0 0.2645
595.0458 -516.4281 325.05164 45 1 0.0 0.2645
608.8019 -531.9672 340.3407 45 1 0.0 0.2645
635.8471 -563.4911 371.0541 45 1 0.0 0.2645
113.00863 92.67689 268.74356 46 16 0.7355 1.0
129.06537 105.54387 291.96338 46 16 0.7355 1.0
145.11646 118.500626 315.01123 46 16 0.7355 1.0
160.9078 131.75188 338.29584 46 16 0.7355 1.0
176.60025 145.16254 361.41025 46 16 0.7355 1.0
192.18758 158.73325 384.51648 46 16 0.7355 1.0
207.35886 172.71793 407.81714 46 16 0.7355 1.0
222.6229 186.6903 430.848 46 16 0.7355 1.0
237.38356 201.14566 454.0511 46 16 0.7355 1.0
252.1622 215.64198 477.30273 46 16 0.7355 1.0
266.76035 230.34187 500.49698 46 16 0.7355 1.0
281.11108 245.29962 523.60095 46 16 0.7355 1.0
295.3496 260.39362 546.8091 46 16 0.7355 1.0
309.3562 275.7243 570.2112 46 16 0.7355 1.0
323.03574 291.3745 593.594 46 16 0.7355 1.0
336.60086 307.15018 616.9042 46 16 0.7355 1.0
350.10345 322.9967 640.2564 46 16 0.7355 1.0
363.08975 339.32904 663.4846 46 16 0.7355 1.0
376.08606 355.65585 687.079 46 16 0.7355 1.0
388.8695 372.17877 710.46875 46 16 0.7355 1.0
401.50058 388.83484 733.83575 46 16 0.7355 1.0
413.6429 405.94742 757.2598 46 16 0.7355 1.0
425.89075 422.93173 780.8902 46 16 0.7355 1.0
437.56308 440.4563 804.45776 46 16 0.7355 1.0
449.1974 457.9824 827.9415 46 16 0.7355 1.0
460.59033 475.70795 851.69147 46 16 0.7355 1.0
471.7113 493.66095 875.4443 46 16 0.7355 1.0
482.675 511.71677 899.17474 46 16 0.7355 1.0
493.44897 529.90216 922.8107 46 16 0.7355 1.0
503.76575 548.5013 946.6615 46 16 0.7355 1.0
514.03705 567.06464 970.2971 46 16 0.7355 1.0
523.9929 585.8801 994.249 46 16 0.7355 1.0
533.7565 604.80634 1018.184 46 16 0.7355 1.0
543.2432 623.9323 1042.1498 46 16 0.7355 1.0
552.4149 643.2986 1066.1174 46 16 0.7355 1.0
74.06354 99.963715 57.356327 47 11 0.4413823529411765 0.8527352941176471
85.998825 116.93043 25.24785 47 11 0.4413823529411765 0.8527352941176471
98.54028 133.5116 -7.0366592 47 11 0.4413823529411765 0.8527352941176471
111.74047 149.60834 -39.125202 47 11 0.4413823529411765 0.8527352941176471
125.45023 165.39288 -71.53944 47 11 0.4413823529411765 0.8527352941176471
139.93192 180.49234 -103.92181 47 11 0.4413823529411765 0.8527352941176471
154.61655 195.61308 -136.38882 47 11 0.4413823529411765 0.8527352941176471
170.27223 209.74629 -169.35562 47 11 0.4413823529411765 0.8527352941176471
186.19106 223.75066 -202.40237 47 11 0.4413823529411765 0.8527352941176471
202.94632 236.89885 -235.24255 47 11 0.4413823529411765 0.8527352941176471
220.01373 249.78407 -268.1812 47 11 0.4413823529411765 0.8527352941176471
237.77309 261.935 -301.65012 47 11 0.4413823529411765 0.8527352941176471
256.09067 273.4794 -335.08893 47 11 0.4413823529411765 0.8527352941176471
274.86877 284.49026 -368.9856 47 11 0.4413823529411765 0.8527352941176471
294.07217 294.96548 -402.85486 47 11 0.4413823529411765 0.8527352941176471
313.86325 304.70663 -436.8801 47 11 0.4413823529411765 0.8527352941176471
334.1436 313.7812 -471.61453 47 11 0.4413823529411765 0.8527352941176471
354.88376 322.1815 -506.36206 47 11 0.4413823529411765 0.8527352941176471
376.14386 329.81754 -541.02216 47 11 0.4413823529411765 0.8527352941176471
397.88458 336.6907 -576.3356 47 11 0.4413823529411765 0.8527352941176471
419.9543 342.88895 -612.1334 47 11 0.4413823529411765 0.8527352941176471
442.6462 348.13184 -647.96564 47 11 0.4413823529411765 0.8527352941176471
465.42026 352.80408 -684.2743 47 11 0.4413823529411765 0.8527352941176471
489.06973 356.25543 -721.0603 47 11 0.4413823529411765 0.8527352941176471
512.87634 358.98428 -758.1684 47 11 0.4413823529411765 0.8527352941176471
537.1147 360.73883 -796.0986 47 11 0.4413823529411765 0.8527352941176471
561.58856 361.6003 -833.90094 47 11 0.4413823529411765 0.8527352941176471
586.67883 361.27103 -872.52264 47 11 0.4413823529411765 0.8527352941176471
611.95276 359.97232 -911.8471 47 11 0.4413823529411765 0.8527352941176471
637.6379 357.50522 -951.746 47 11 0.4413823529411765 0.8527352941176471
663.3943 353.9958 -992.3154 47 11 0.4413823529411765 0.8527352941176471
689.75323 349.0889 -1033.632 47 11 0.4413823529411765 0.8527352941176471
715.79126 343.18042 -1075.4213 47 11 0.4413823529411765 0.8527352941176471
742.611 335.64557 -1118.3666 47 11 0.4413823529411765 0.8527352941176471
769.4649 326.75995 -1162.4194 47 11 0.4413823529411765 0.8527352941176471
78.94727 -126.022705 -208.08708 48 4 0.029617647058823526 0.4409705882352941
89.802765 -143.50789 -234.98737 48 4 0.029617647058823526 0.4409705882352941
100.785095 -160.87852 -261.729 48 4 0.029617647058823526 0.4409705882352941
111.73997 -178.38042 -288.44995 48 4 0.029617647058823526 0.4409705882352941
122.909706 -195.62619 -315.38354 48 4 0.029617647058823526 0.4409705882352941
134.06815 -212.9757 -342.15372 48 4 0.029617647058823526 0.4409705882352941
145.36874 -230.18405 -368.75467 48 4 0.029617647058823526 0.4409705882352941
156.68999 -247.44308 -395.7966 48 4 0.029617647058823526 0.4409705882352941
168.19945 -264.48758 -422.55542 48 4 0.029617647058823526 0.4409705882352941
179.76872 -281.51974 -449.2949 48 4 0.029617647058823526 0.4409705882352941
191.35129 -298.611 -476.15598 48 4 0.029617647058823526 0.4409705882352941
203.2447 -315.29703 -502.89465 48 4 0.029617647058823526 0.4409705882352941
214.97768 -332.3106 -529.81866 48 4 0.029617647058823526 0.4409705882352941
226.72478 -349.3772 -556.6076 48 4 0.029617647058823526 0.4409705882352941
238.85667 -365.9265 -583.40106 48 4 0.029617647058823526 0.4409705882352941
250.93774 -382.62878 -610.19196 48 4 0.029617647058823526 0.4409705882352941
263.0444 -399.36438 -636.9413 48 4 0.029617647058823526 0.4409705882352941
275.28482 -415.9679 -664.0222 48 4 0.029617647058823526 0.4409705882352941
287.6067 -432.51837 -690.63525 48 4 0.029617647058823526 0.4409705882352941
300.0625 -448.93655 -717.51544 48 4 0.029617647058823526 0.4409705882352941
312.49133 -465.4624 -744.47577 48 4 0.029617647058823526 0.4409705882352941
325.07532 -481.823 -771.05237 48 4 0.029617647058823526 0.4409705882352941
337.83472 -497.98935 -798.01227 48 4 0.029617647058823526 0.4409705882352941
350.66626 -514.11426 -824.7997 48 4 0.029617647058823526 0.4409705882352941
363.41827 -530.4182 -851.7435 48 4 0.029617647058823526 0.4409705882352941
376.2841 -546.6162 -878.77203 48 4 0.029617647058823526 0.4409705882352941
389.29007 -562.67017 -905.52423 48 4 0.029617647058823526 0.4409705882352941
402.34433 -578.7127 -932.41113 48 4 0.029617647058823526 0.4409705882352941
415.5152 -594.6447 -959.15515 48 4 0.029617647058823526 0.4409705882352941
428.8909 -610.3407 -986.09894 48 4 0.029617647058823526 0.4409705882352941
442.2501 -626.1161 -1013.23004 48 4 0.029617647058823526 0.4409705882352941
455.6252 -641.9223 -1040.0874 48 4 0.029617647058823526 0.4409705882352941
469.1887 -657.5156 -1066.7977 48 4 0.029617647058823526 0.4409705882352941
482.91742 -672.92993 -1093.8677 48 4 0.029617647058823526 0.4409705882352941
496.46017 -688.65356 -1120.629 48 4 0.029617647058823526 0.4409705882352941
84.39768 54.974483 -186.17792 49 14 0.6178529411764706 1.0
101.05083 67.04276 -195.73732 49 14 0.6178529411764706 1.0
117.65907 79.362434 -205.37688 49 14 0.6178529411764706 1.0
133.9021 92.136826 -214.8292 49 14 0.6178529411764706 1.0
150.22073 105.05236 -224.6035 49 14 0.6178529411764706 1.0
165.82216 118.65128 -234.25206 49 14 0.6178529411764706 1.0
181.39217 132.44304 -243.83275 49 14 0.6178529411764706 1.0
196.48508 146.7387 -253.34875 49 14 0.6178529411764706 1.0
211.30663 161.38037 -263.34555 49 14 0.6178529411764706 1.0
225.87718 176.34065 -272.73526 49 14 0.6178529411764706 1.0
240.28125 191.53877 -282.53766 49 14 0.6178529411764706 1.0
253.97394 207.40085 -292.43958 49 14 0.6178529411764706 1.0
267.5465 223.44366 -302.2381 49 14 0.6178529411764706 1.0
280.69437 239.9045 -311.93814 49 14 0.6178529411764706 1.0
293.57434 256.63977 -321.81586 49 14 0.6178529411764706 1.0
305.96484 273.83118 -331.57025 49 14 0.6178529411764706 1.0
318.16425 291.20193 -341.4427 49 14 0.6178529411764706 1.0
329.89255 308.99084 -351.50467 49 14 0.6178529411764706 1.0
341.21512 327.1288 -361.3291 49 14 0.6178529411764706 1.0
352.14938 345.58722 -371.24704 49 14 0.6178529411764706 1.0
362.8199 364.2273 -381.1211 49 14 0.6178529411764706 1.0
372.95807 383.30145 -391.25232 49 14 0.6178529411764706 1.0
382.66034 402.70255 -401.4681 49 14 0.6178529411764706 1.0
391.99597 422.34222 -411.51083 49 14 0.6178529411764706 1.0
400.74673 442.44113 -421.78506 49 14 0.6178529411764706 1.0
409.08566 462.79926 -431.88895 49 14 0.6178529411764706 1.0
417.14584 483.2429 -441.8705 49 14 0.6178529411764706 1.0
424.58755 504.1428 -452.5247 49 14 0.6178529411764706 1.0
431.5324 525.3459 -462.77957 49 14 0.6178529411764706 1.0
438.02707 546.7768 -473.1599 49 14 0.6178529411764706 1.0
443.94455 568.5747 -483.80637 49 14 0.6178529411764706 1.0
449.41315 590.55817 -494.12988 49 14 0.6178529411764706 1.0
454.34637 612.81586 -504.9051 49 14 0.6178529411764706 1.0
458.7419 635.32965 -515.5382 49 14 0.6178529411764706 1.0
462.65338 657.9998 -526.03955 49 14 0.6178529411764706 1.0
32.360737 -118.23953 375.98737 50 15 0.6766764705882353 1.0
37.22528 -138.03806 421.659 50 15 0.6766764705882353 1.0
41.845512 -158.14113 467.06946 50 15 0.6766764705882353 1.0
46.32298 -178.17014 512.86523 50 15 0.6766764705882353 1.0
50.587452 -198.3916 558.3596 50 15 0.6766764705882353 1.0
54.711834 -218.52019 603.9116 50 15 0.6766764705882353 1.0
65.9572 -279.4605 740.91187 50 15 0.6766764705882353 1.0
69.33895 -299.92117 786.82336 50 15 0.6766764705882353 1.0
72.59697 -320.1919 832.3405 50 15 0.6766764705882353 1.0
75.66056 -340.57422 878.26337 50 15 0.6766764705882353 1.0
78.58297 -360.82568 924.0454 50 15 0.6766764705882353 1.0
81.24684 -381.48416 969.5606 50 15 0.6766764705882353 1.0
83.73767 -402.16122 1015.26215 50 15 0.6766764705882353 1.0
86.1151 -422.56064 1061.035 50 15 0.6766764705882353 1.0
88.26984 -443.207 1106.6697 50 15 0.6766764705882353 1.0
90.29334 -463.6429 1152.7299 50 15 0.6766764705882353 1.0
92.092316 -484.33923 1198.4332 50 15 0.6766764705882353 1.0
93.694374 -505.16132 1244.301 50 15 0.6766764705882353 1.0
95.16743 -525.7386 1290.1926 50 15 0.6766764705882353 1.0
96.47198 -546.271 1336.1682 50 15 0.6766764705882353 1.0
97.56047 -567.0266 1382.0826 50 15 0.6766764705882353 1.0
98.4415 -587.96716 1427.917 50 15 0.6766764705882353 1.0
99.22034 -608.4571 1474.0555 50 15 0.6766764705882353 1.0
99.7498 -629.3818 1519.861 50 15 0.6766764705882353 1.0
100.106544 -650.27637 1565.8225 50 15 0.6766764705882353 1.0
100.29038 -671.1345 1611.7236 50 15 0.6766764705882353 1.0
100.32927 -691.75494 1657.9819 50 15 0.6766764705882353 1.0
100.16712 -712.5088 1704.1708 50 15 0.6766764705882353 1.0
99.78173 -733.5675 1750.4076 50 15 0.6766764705882353 1.0
99.270134 -754.21954 1796.2837 50 15 0.6766764705882353 1.0
98.529686 -775.2244 1842.574 50 15 0.6766764705882353 1.0
97.61422 -796.1765 1888.8358 50 15 0.6766764705882353 1.0
96.53522 -816.9674 1935.0303 50 15 0.6766764705882353 1.0
3.7409563 -122.64071 -109.04274 51 15 0.6766764705882353 1.0
3.9561281 -143.16396 -137.16524 51 15 0.6766764705882353 1.0
3.9217257 -164.09064 -165.17613 51 15 0.6766764705882353 1.0
3.6584246 -184.6084 -192.92332 51 15 0.6766764705882353 1.0
3.1561701 -205.01993 -220.68217 51 15 0.6766764705882353 1.0
2.4079137 -225.8142 -248.53664 51 15 0.6766764705882353 1.0
1.4226044 -246.35725 -276.23645 51 15 0.6766764705882353 1.0
0.195942 -267.22125 -304.18127 51 15 0.6766764705882353 1.0
-1.2707555 -287.61545 -332.0558 51 15 0.6766764705882353 1.0
-2.9766479 -308.39264 -360.0078 51 15 0.6766764705882353 1.0
-4.9283767 -328.70715 -387.66544 51 15 0.6766764705882353 1.0
-7.117914 -349.31775 -415.67978 51 15 0.6766764705882353 1.0
-9.549386 -369.87674 -443.7833 51 15 0.6766764705882353 1.0
-12.221147 -390.46024 -471.5231 51 15 0.6766764705882353 1.0
-18.291122 -431.51425 -527.8691 51 15 0.6766764705882353 1.0
-21.68983 -451.991 -555.6224 51 15 0.6766764705882353 1.0
-25.322268 -472.60422 -583.6125 51 15 0.6766764705882353 1.0
-29.214733 -492.86508 -611.79126 51 15 0.6766764705882353 1.0
-33.35527 -513.0437 -640.0534 51 15 0.6766764705882353 1.0
-37.699097 -533.7874 -668.16895 51 15 0.6766764705882353 1.0
-42.32671 -553.9089 -695.96216 51 15 0.6766764705882353 1.0
-47.175213 -574.2973 -724.3149 51 15 0.6766764705882353 1.0
-52.271473 -594.58765 -752.52814 51 15 0.6766764705882353 1.0
-57.635746 -614.57477 -780.8342 51 15 0.6766764705882353 1.0
-63.19762 -635.01184 -808.8973 51 15 0.6766764705882353 1.0
-75.12391 -675.03864 -865.42444 51 15 0.6766764705882353 1.0
-81.44701 -695.05115 -893.88617 51 15 0.6766764705882353 1.0
-88.01585 -715.00616 -922.25964 51 15 0.6766764705882353 1.0
-94.80574 -735.0952 -950.7195 51 15 0.6766764705882353 1.0
-101.85498 -755.00885 -978.9884 51 15 0.6766764705882353 1.0
-109.18133 -774.6354 -1007.7292 51 15 0.6766764705882353 1.0
-116.72256 -794.42535 -1036.325 51 15 0.6766764705882353 1.0
-124.490234 -814.2757 -1064.586 51 15 0.6766764705882353 1.0
-121.63132 9.208753 -111.475945 52 1 0.0 0.2645
-142.15517 12.266378 -90.76107 52 1 0.0 0.2645
-162.47095 15.501041 -70.1084 52 1 0.0 0.2645
-182.56017 18.919434 -49.668945 52 1 0.0 0.2645
-202.87686 22.47536 -28.859545 52 1 0.0 0.2645
-243.5377 30.058971 12.4356165 52 1 0.0 0.2645
-263.76004 34.100815 33.1477 52 1 0.0 0.2645
-283.78497 38.327065 53.800266 52 1 0.0 0.2645
-303.99826 42.686085 74.373215 52 1 0.0 0.2645
-324.20496 47.202515 95.12313 52 1 0.0 0.2645
-344.38113 51.879387 115.823845 52 1 0.0 0.2645
-384.55743 61.727062 157.17535 52 1 0.0 0.2645
-404.40283 66.92377 178.04587 52 1 0.0 0.2645
-444.06076 77.79149 219.32047 52 1 0.0 0.2645
-464.05417 83.42873 240.10272 52 1 0.0 0.2645
-483.8384 89.2572 260.67038 52 1 0.0 0.2645
-503.96622 95.17456 281.5423 52 1 0.0 0.2645
-523.59784 101.3378 302.31012 52 1 0.0 0.2645
-543.3677 107.627174 323.03708 52 1 0.0 0.2645
-562.96765 114.10241 343.83502 52 1 0.0 0.2645
-582.6969 120.70293 364.81912 52 1 0.0 0.2645
-602.316 127.47678 385.37177 52 1 0.0 0.2645
-621.89856 134.40863 406.17557 52 1 0.0 0.2645
-641.35803 141.51714 426.93143 52 1 0.0 0.2645
-660.7889 148.78175 447.86398 52 1 0.0 0.2645
-679.9379 156.26003 468.6661 52 1 0.0 0.2645
-699.33716 163.83023 489.68835 52 1 0.0 0.2645
-718.7432 171.54604 510.3097 52 1 0.0 0.2645
-738.1435 179.40941 531.31085 52 1 0.0 0.2645
-757.1132 187.52455 552.0445 52 1 0.0 0.2645
-776.4543 195.69406 572.97437 52 1 0.0 0.2645
-795.42413 204.10237 594.0046 52 1 0.0 0.2645
67.23373 -105.26726 174.90732 53 13 0.5590294117647059 0.9703823529411764
79.472244 -121.843315 206.67732 53 13 0.5590294117647059 0.9703823529411764
91.57395 -138.54424 238.34883 53 13 0.5590294117647059 0.9703823529411764
103.73 -155.08188 269.97153 53 13 0.5590294117647059 0.9703823529411764
115.56493 -172.01886 301.47256 53 13 0.5590294117647059 0.9703823529411764
127.48277 -188.75035 333.20462 53 13 0.5590294117647059 0.9703823529411764
139.17259 -205.73764 364.83765 53 13 0.5590294117647059 0.9703823529411764
150.69647 -222.88695 396.47223 53 13 0.5590294117647059 0.9703823529411764
162.20862 -239.96931 428.26514 53 13 0.5590294117647059 0.9703823529411764
173.64485 -257.07846 459.9636 53 13 0.5590294117647059 0.9703823529411764
184.91339 -274.34903 491.53485 53 13 0.5590294117647059 0.9703823529411764
196.03812 -291.74493 523.19574 53 13 0.5590294117647059 0.9703823529411764
207.06857 -309.19156 554.9651 53 13 0.5590294117647059 0.9703823529411764
217.99321 -326.70486 586.53143 53 13 0.5590294117647059 0.9703823529411764
228.94049 -344.09055 618.0852 53 13 0.5590294117647059 0.9703823529411764
239.69151 -361.67538 649.8659 53 13 0.5590294117647059 0.9703823529411764
250.26454 -379.43207 681.72723 53 13 0.5590294117647059 0.9703823529411764
260.76312 -397.20303 713.2316 53 13 0.5590294117647059 0.9703823529411764
271.08453 -415.14362 745.10114 53 13 0.5590294117647059 0.9703823529411764
281.34827 -433.0702 776.77985 53 13 0.5590294117647059 0.9703823529411764
291.4774 -451.0993 808.5152 53 13 0.5590294117647059 0.9703823529411764
301.60455 -469.02393 840.19904 53 13 0.5590294117647059 0.9703823529411764
311.36398 -487.41217 871.9873 53 13 0.5590294117647059 0.9703823529411764
321.24243 -505.5037 903.9045 53 13 0.5590294117647059 0.9703823529411764
330.9504 -523.7491 935.53406 53 13 0.5590294117647059 0.9703823529411764
340.58826 -541.98895 967.2626 53 13 0.5590294117647059 0.9703823529411764
349.94745 -560.5546 999.0928 53 13 0.5590294117647059 0.9703823529411764
359.27545 -579.05084 1031.0771 53 13 0.5590294117647059 0.9703823529411764
368.51782 -597.5622 1062.7214 53 13 0.5590294117647059 0.9703823529411764
377.5935 -616.2187 1094.5432 53 13 0.5590294117647059 0.9703823529411764
386.53012 -634.9752 1126.3293 53 13 0.5590294117647059 0.9703823529411764
395.3246 -653.83636 1158.1367 53 13 0.5590294117647059 0.9703823529411764
404.17374 -672.4741 1190.1973 53 13 0.5590294117647059 0.9703823529411764
412.90567 -691.1695 1221.809 53 13 0.5590294117647059 0.9703823529411764
421.29196 -710.306 1253.8992 53 13 0.5590294117647059 0.9703823529411764
-92.26941 -91.852585 253.31078 54 11 0.4413823529411765 0.8527352941176471
-108.59877 -104.44813 252.47548 54 11 0.4413823529411765 0.8527352941176471
-124.74021 -117.26991 251.40872 54 11 0.4413823529411765 0.8527352941176471
-140.68378 -130.31964 250.51904 54 11 0.4413823529411765 0.8527352941176471
-156.40361 -143.61629 249.36815 54 11 0.4413823529411765 0.8527352941176471
-172.15828 -156.92072 248.345 54 11 0.4413823529411765 0.8527352941176471
-187.62807 -170.52415 247.36877 54 11 0.4413823529411765 0.8527352941176471
-203.23227 -184.04382 246.76227 54 11 0.4413823529411765 0.8527352941176471
-218.54709 -197.86255 245.35449 54 11 0.4413823529411765 0.8527352941176471
-233.64667 -211.91109 244.47147 54 11 0.4413823529411765 0.8527352941176471
-248.80939 -225.93556 243.41075 54 11 0.4413823529411765 0.8527352941176471
-263.81262 -240.1356 242.41963 54 11 0.4413823529411765 0.8527352941176471
-278.6384 -254.52586 241.4387 54 11 0.4413823529411765 0.8527352941176471
-293.37378 -269.0251 240.67117 54 11 0.4413823529411765 0.8527352941176471
-307.9645 -283.68094 239.55844 54 11 0.4413823529411765 0.8527352941176471
-322.4368 -298.46738 238.51704 54 11 0.4413823529411765 0.8527352941176471
-336.86664 -313.31146 237.50104 54 11 0.4413823529411765 0.8527352941176471
-350.90088 -328.5405 236.78947 54 11 0.4413823529411765 0.8527352941176471
-378.74835 -359.24783 234.47476 54 11 0.4413823529411765 0.8527352941176471
-392.5693 -374.7127 233.41338 54 11 0.4413823529411765 0.8527352941176471
-406.1565 -390.40613 232.45961 54 11 0.4413823529411765 0.8527352941176471
-419.46036 -406.37592 231.28513 54 11 0.4413823529411765 0.8527352941176471
-433.03687 -422.08105 230.60426 54 11 0.4413823529411765 0.8527352941176471
-446.1408 -438.24258 229.46852 54 11 0.4413823529411765 0.8527352941176471
-459.2566 -454.3863 228.42429 54 11 0.4413823529411765 0.8527352941176471
-484.8184 -487.30652 226.66327 54 11 0.4413823529411765 0.8527352941176471
-497.4799 -503.86423 225.52193 54 11 0.4413823529411765 0.8527352941176471
-509.9023 -520.64484 224.59581 54 11 0.4413823529411765 0.8527352941176471
-534.3053 -554.5893 222.39442 54 11 0.4413823529411765 0.8527352941176471
-546.27954 -571.75525 221.69304 54 11 0.4413823529411765 0.8527352941176471
-558.1602 -588.9864 220.47821 54 11 0.4413823529411765 0.8527352941176471
-569.70026 -606.5417 219.34277 54 11 0.4413823529411765 0.8527352941176471
114.509125 79.8325 190.94122 55 17 0.7943235294117648 1.0
133.31538 88.562614 186.07837 55 17 0.7943235294117648 1.0
152.36877 96.80575 180.95735 55 17 0.7943235294117648 1.0
171.34155 104.74811 175.86986 55 17 0.7943235294117648 1.0
210.57971 118.72337 166.13998 55 17 0.7943235294117648 1.0
230.53587 124.92699 160.8905 55 17 0.7943235294117648 1.0
250.68582 130.60794 155.99002 55 17 0.7943235294117648 1.0
270.8924 135.82175 150.92094 55 17 0.7943235294117648 1.0
291.418 140.42166 145.82855 55 17 0.7943235294117648 1.0
312.2731 144.39833 140.79318 55 17 0.7943235294117648 1.0
333.0947 147.90909 135.75827 55 17 0.7943235294117648 1.0
354.28613 150.75899 130.70331 55 17 0.7943235294117648 1.0
375.4727 153.10005 125.68124 55 17 0.7943235294117648 1.0
396.8409 154.83913 120.38037 55 17 0.7943235294117648 1.0
418.06995 156.08607 115.115326 55 17 0.7943235294117648 1.0
439.75974 156.60135 110.01373 55 17 0.7943235294117648 1.0
461.54874 156.5129 104.814514 55 17 0.7943235294117648 1.0
483.22458 155.87646 99.72993 55 17 0.7943235294117648 1.0
505.15512 154.55675 94.32814 55 17 0.7943235294117648 1.0
526.9478 152.66339 88.981155 55 17 0.7943235294117648 1.0
548.9305 150.08392 83.70209 55 17 0.7943235294117648 1.0
571.1563 146.79832 78.24327 55 17 0.7943235294117648 1.0
593.23596 142.897 72.98605 55 17 0.7943235294117648 1.0
637.27356 133.09448 62.16744 55 17 0.7943235294117648 1.0
659.3664 127.135345 56.723064 55 17 0.7943235294117648 1.0
681.167 120.51662 51.091957 55 17 0.7943235294117648 1.0
703.4276 113.09042 45.487156 55 17 0.7943235294117648 1.0
725.46375 104.965576 39.85924 55 17 0.7943235294117648 1.0
747.14545 96.13606 34.351105 55 17 0.7943235294117648 1.0
768.87177 86.52841 28.37113 55 17 0.7943235294117648 1.0
790.56323 76.141464 22.65184 55 17 0.7943235294117648 1.0
812.13086 64.97019 16.65646 55 17 0.7943235294117648 1.0
-148.06944 0.010937562 135.98961 56 14 0.6178529411764706 1.0
-168.46684 1.9817592 179.41815 56 14 0.6178529411764706 1.0
-189.08046 4.0899005 222.67896 56 14 0.6178529411764706 1.0
-209.38011 6.3450265 266.0995 56 14 0.6178529411764706 1.0
-229.95377 8.732066 309.44223 56 14 0.6178529411764706 1.0
-250.45677 11.260025 353.00034 56 14 0.6178529411764706 1.0
-270.93164 13.927931 396.56433 56 14 0.6178529411764706 1.0
-291.08813 16.7527 439.97052 56 14 0.6178529411764706 1.0
-311.55725 19.699585 483.2533 56 14 0.6178529411764706 1.0
-331.97534 22.787876 526.87854 56 14 0.6178529411764706 1.0
-352.50833 26.00581 570.33563 56 14 0.6178529411764706 1.0
-372.80258 29.379204 613.59314 56 14 0.6178529411764706 1.0
-413.20972 36.557617 700.405 56 14 0.6178529411764706 1.0
-433.76 40.322823 744.16046 56 14 0.6178529411764706 1.0
-453.85754 44.26733 787.4854 56 14 0.6178529411764706 1.0
-473.9485 48.351334 830.9953 56 14 0.6178529411764706 1.0
-494.4034 52.535084 874.5899 56 14 0.6178529411764706 1.0
-514.3838 56.906178 918.13074 56 14 0.6178529411764706 1.0
-534.7405 61.372578 961.84607 56 14 0.6178529411764706 1.0
-554.95886 65.99033 1005.3424 56 14 0.6178529411764706 1.0
-575.06964 70.75695 1048.8425 56 14 0.6178529411764706 1.0
-595.1206 75.667244 1092.3348 56 14 0.6178529411764706 1.0
-615.04865 80.72976 1135.9419 56 14 0.6178529411764706 1.0
-635.0249 85.922356 1179.5325 56 14 0.6178529411764706 1.0
-654.9886 91.25243 1223.2634 56 14 0.6178529411764706 1.0
-675.0849 96.69884 1266.9504 56 14 0.6178529411764706 1.0
-695.0924 102.292114 1310.7303 56 14 0.6178529411764706 1.0
-715.05066 108.02681 1354.4514 56 14 0.6178529411764706 1.0
-734.811 113.92604 1398.0045 56 14 0.6178529411764706 1.0
-754.8642 119.91359 1441.7056 56 14 0.6178529411764706 1.0
-774.4262 126.11315 1485.5941 56 14 0.6178529411764706 1.0
-794.1433 132.4222 1529.1965 56 14 0.6178529411764706 1.0
-814.1798 138.81029 1573.0131 56 14 0.6178529411764706 1.0
-833.8644 145.39024 1616.7194 56 14 0.6178529411764706 1.0
-103.516594 102.51512 -133.21008 57 13 0.5590294117647059 0.9703823529411764
-117.49104 117.64691 -148.8543 57 13 0.5590294117647059 0.9703823529411764
-131.68024 132.57635 -164.50012 57 13 0.5590294117647059 0.9703823529411764
-145.87985 147.50766 -180.15889 57 13 0.5590294117647059 0.9703823529411764
-160.20573 162.3228 -195.77997 57 13 0.5590294117647059 0.9703823529411764
-174.67728 177.00024 -211.38515 57 13 0.5590294117647059 0.9703823529411764
-189.20822 191.62552 -226.86339 57 13 0.5590294117647059 0.9703823529411764
-204.15015 205.84155 -242.55247 57 13 0.5590294117647059 0.9703823529411764
-218.93784 220.21782 -258.35638 57 13 0.5590294117647059 0.9703823529411764
-233.97496 234.34532 -273.91278 57 13 0.5590294117647059 0.9703823529411764
-249.27075 248.21474 -289.5017 57 13 0.5590294117647059 0.9703823529411764
-264.23718 262.40985 -305.083 57 13 0.5590294117647059 0.9703823529411764
-279.596 276.20975 -320.71625 57 13 0.5590294117647059 0.9703823529411764
-295.24716 289.71518 -336.3913 57 13 0.5590294117647059 0.9703823529411764
-310.81644 303.29248 -352.02008 57 13 0.5590294117647059 0.9703823529411764
-326.64774 316.6031 -367.61218 57 13 0.5590294117647059 0.9703823529411764
-342.59814 329.78555 -383.15817 57 13 0.5590294117647059 0.9703823529411764
-374.49316 356.10464 -414.61655 57 13 0.5590294117647059 0.9703823529411764
-407.21893 381.55017 -445.89972 57 13 0.5590294117647059 0.9703823529411764
-423.6274 394.19315 -461.5924 57 13 0.5590294117647059 0.9703823529411764
-440.2563 406.60294 -477.4431 57 13 0.5590294117647059 0.9703823529411764
-456.9909 418.88516 -493.169 57 13 0.5590294117647059 0.9703823529411764
-474.01797 430.86813 -508.85468 57 13 0.5590294117647059 0.9703823529411764
-490.69284 443.1359 -524.46375 57 13 0.5590294117647059 0.9703823529411764
-507.73947 455.02863 -540.4437 57 13 0.5590294117647059 0.9703823529411764
-524.9312 466.75153 -555.90674 57 13 0.5590294117647059 0.9703823529411764
-542.1809 478.38046 -571.8914 57 13 0.5590294117647059 0.9703823529411764
-559.70685 489.72168 -587.51495 57 13 0.5590294117647059 0.9703823529411764
-577.13513 501.10175 -603.37305 57 13 0.5590294117647059 0.9703823529411764
-594.6367 512.3673 -618.99146 57 13 0.5590294117647059 0.9703823529411764
-612.40265 523.3529 -634.8533 57 13 0.5590294117647059 0.9703823529411764
-630.28375 534.18646 -650.8744 57 13 0.5590294117647059 0.9703823529411764
-648.1795 544.9511 -666.4551 57 13 0.5590294117647059 0.9703823529411764
89.92919 -82.778534 -86.92845 58 13 0.5590294117647059 0.9703823529411764
105.735245 -95.972534 -95.37615 58 13 0.5590294117647059 0.9703823529411764
121.54493 -109.18905 -103.9854 58 13 0.5590294117647059 0.9703823529411764
137.15678 -122.60891 -112.30531 58 13 0.5590294117647059 0.9703823529411764
152.72316 -136.09416 -120.815834 58 13 0.5590294117647059 0.9703823529411764
168.20117 -149.68256 -129.20328 58 13 0.5590294117647059 0.9703823529411764
183.61342 -163.35332 -137.82071 58 13 0.5590294117647059 0.9703823529411764
198.85378 -177.2001 -146.17249 58 13 0.5590294117647059 0.9703823529411764
214.1904 -190.98352 -154.41571 58 13 0.5590294117647059 0.9703823529411764
229.5825 -204.73833 -163.1189 58 13 0.5590294117647059 0.9703823529411764
244.51605 -218.92291 -171.47534 58 13 0.5590294117647059 0.9703823529411764
259.51605 -233.0677 -180.16527 58 13 0.5590294117647059 0.9703823529411764
274.51913 -247.2278 -188.41719 58 13 0.5590294117647059 0.9703823529411764
289.24924 -261.6513 -196.76677 58 13 0.5590294117647059 0.9703823529411764
303.98663 -276.08472 -205.37326 58 13 0.5590294117647059 0.9703823529411764
318.50632 -290.7315 -213.84677 58 13 0.5590294117647059 0.9703823529411764
333.2283 -305.20767 -222.26187 58 13 0.5590294117647059 0.9703823529411764
347.51215 -320.0982 -230.82237 58 13 0.5590294117647059 0.9703823529411764
361.94254 -334.86618 -239.32826 58 13 0.5590294117647059 0.9703823529411764
390.60904 -364.61053 -256.10928 58 13 0.5590294117647059 0.9703823529411764
404.69992 -379.72086 -264.65024 58 13 0.5590294117647059 0.9703823529411764
418.68546 -394.93716 -273.2393 58 13 0.5590294117647059 0.9703823529411764
432.62836 -410.19934 -281.78665 58 13 0.5590294117647059 0.9703823529411764
446.40576 -425.62305 -290.24948 58 13 0.5590294117647059 0.9703823529411764
460.29196 -440.94562 -298.69186 58 13 0.5590294117647059 0.9703823529411764
473.80005 -456.63235 -307.15942 58 13 0.5590294117647059 0.9703823529411764
487.38147 -472.24948 -315.7473 58 13 0.5590294117647059 0.9703823529411764
501.11356 -487.71826 -324.18015 58 13 0.5590294117647059 0.9703823529411764
514.2565 -503.75845 -332.66434 58 13 0.5590294117647059 0.9703823529411764
527.53467 -519.6638 -341.26196 58 13 0.5590294117647059 0.9703823529411764
540.71967 -535.656 -349.7783 58 13 0.5590294117647059 0.9703823529411764
553.8304 -551.7153 -358.26065 58 13 0.5590294117647059 0.9703823529411764
566.92456 -567.7826 -366.81042 58 13 0.5590294117647059 0.9703823529411764
579.7068 -584.15326 -375.3815 58 13 0.5590294117647059 0.9703823529411764
91.662445 -80.51837 -1.5074947 59 13 0.5590294117647059 0.9703823529411764
107.492836 -93.735054 2.9964514 59 13 0.5590294117647059 0.9703823529411764
123.05012 -107.25306 7.709607 59 13 0.5590294117647059 0.9703823529411764
138.5393 -120.88983 12.123123 59 13 0.5590294117647059 0.9703823529411764
153.77155 -134.80641 16.922672 59 13 0.5590294117647059 0.9703823529411764
168.61588 -149.11565 21.44546 59 13 0.5590294117647059 0.9703823529411764
198.27634 -177.89763 30.73679 59 13 0.5590294117647059 0.9703823529411764
212.97533 -192.4615 35.21159 59 13 0.5590294117647059 0.9703823529411764
227.35544 -207.34328 39.950157 59 13 0.5590294117647059 0.9703823529411764
241.46709 -222.49605 44.62596 59 13 0.5590294117647059 0.9703823529411764
255.30737 -237.92088 49.23002 59 13 0.5590294117647059 0.9703823529411764
269.13165 -253.37578 53.9093 59 13 0.5590294117647059 0.9703823529411764
282.39417 -269.37115 58.549095 59 13 0.5590294117647059 0.9703823529411764
295.7685 -285.2659 63.0109 59 13 0.5590294117647059 0.9703823529411764
308.97144 -301.32187 67.83262 59 13 0.5590294117647059 0.9703823529411764
321.99152 -317.5452 72.327255 59 13 0.5590294117647059 0.9703823529411764
334.65222 -334.10715 77.17091 59 13 0.5590294117647059 0.9703823529411764
347.2889 -350.67026 81.48024 59 13 0.5590294117647059 0.9703823529411764
359.60065 -367.53122 86.28599 59 13 0.5590294117647059 0.9703823529411764
371.65936 -384.61554 91.105865 59 13 0.5590294117647059 0.9703823529411764
383.4241 -401.9633 95.605095 59 13 0.5590294117647059 0.9703823529411764
395.15692 -419.29507 100.35473 59 13 0.5590294117647059 0.9703823529411764
406.45688 -437.0299 105.26429 59 13 0.5590294117647059 0.9703823529411764
417.72745 -454.73273 109.947914 59 13 0.5590294117647059 0.9703823529411764
428.63892 -472.75443 114.708046 59 13 0.5590294117647059 0.9703823529411764
439.5645 -490.67914 119.356285 59 13 0.5590294117647059 0.9703823529411764
449.94855 -509.12033 124.00763 59 13 0.5590294117647059 0.9703823529411764
460.15875 -527.66534 128.78206 59 13 0.5590294117647059 0.9703823529411764
470.20566 -546.29443 133.20985 59 13 0.5590294117647059 0.9703823529411764
480.09454 -564.993 138.07872 59 13 0.5590294117647059 0.9703823529411764
489.53787 -584.0953 142.96095 59 13 0.5590294117647059 0.9703823529411764
498.84845 -603.22766 147.56789 59 13 0.5590294117647059 0.9703823529411764
507.93094 -622.4964 152.2617 59 13 0.5590294117647059 0.9703823529411764
516.6853 -642.0194 157.23239 59 13 0.5590294117647059 0.9703823529411764
107.28083 -65.726654 121.145744 60 15 0.6766764705882353 1.0
124.770836 -76.746704 128.25624 60 15 0.6766764705882353 1.0
142.08423 -87.74125 135.29832 60 15 0.6766764705882353 1.0
159.80113 -98.34946 142.2661 60 15 0.6766764705882353 1.0
177.73477 -108.68404 149.43527 60 15 0.6766764705882353 1.0
195.71587 -118.84595 156.7086 60 15 0.6766764705882353 1.0
213.66074 -128.88142 163.60689 60 15 0.6766764705882353 1.0
231.88817 -138.59407 170.66524 60 15 0.6766764705882353 1.0
250.44966 -147.9528 177.73242 60 15 0.6766764705882353 1.0
268.81458 -157.26869 184.9471 60 15 0.6766764705882353 1.0
287.58194 -166.18593 191.77364 60 15 0.6766764705882353 1.0
306.36435 -174.92825 199.01962 60 15 0.6766764705882353 1.0
325.1761 -183.48221 206.0595 60 15 0.6766764705882353 1.0
344.23724 -191.72011 213.20486 60 15 0.6766764705882353 1.0
363.42667 -199.70819 220.44164 60 15 0.6766764705882353 1.0
382.70996 -207.46222 227.59445 60 15 0.6766764705882353 1.0
402.147 -214.94655 234.53094 60 15 0.6766764705882353 1.0
421.7156 -222.1707 241.6883 60 15 0.6766764705882353 1.0
441.2699 -229.20775 248.75717 60 15 0.6766764705882353 1.0
461.1877 -235.85844 256.0535 60 15 0.6766764705882353 1.0
480.841 -242.44205 263.14145 60 15 0.6766764705882353 1.0
500.94827 -248.59044 270.3636 60 15 0.6766764705882353 1.0
521.1121 -254.50275 277.43338 60 15 0.6766764705882353 1.0
541.261 -260.20923 284.44827 60 15 0.6766764705882353 1.0
561.5834 -265.61502 291.71637 60 15 0.6766764705882353 1.0
581.9135 -270.79593 299.10608 60 15 0.6766764705882353 1.0
602.5534 -275.6087 306.199 60 15 0.6766764705882353 1.0
622.99084 -280.28568 313.62842 60 15 0.6766764705882353 1.0
643.8109 -284.55838 320.637 60 15 0.6766764705882353 1.0
664.5755 -288.6208 328.2086 60 15 0.6766764705882353 1.0
685.446 -292.39774 335.17014 60 15 0.6766764705882353 1.0
706.3509 -295.91663 342.6037 60 15 0.6766764705882353 1.0
727.4244 -299.1181 349.8707 60 15 0.6766764705882353 1.0
748.4642 -302.0828 357.1249 60 15 0.6766764705882353 1.0
769.7237 -304.7047 364.3628 60 15 0.6766764705882353 1.0
111.59056 76.57339 298.3974 61 3 0.0 0.3821470588235294
127.72746 89.54166 326.2967 61 3 0.0 0.3821470588235294
159.07576 116.93543 381.95532 61 3 0.0 0.3821470588235294
174.09344 131.45836 410.2799 61 3 0.0 0.3821470588235294
188.67566 146.50462 438.206 61 3 0.0 0.3821470588235294
202.73215 162.125 466.70154 61 3 0.0 0.3821470588235294
216.24239 178.31953 495.166 61 3 0.0 0.3821470588235294
229.38971 194.91551 523.3411 61 3 0.0 0.3821470588235294
241.93996 212.0848 552.19275 61 3 0.0 0.3821470588235294
254.14413 229.5833 580.9282 61 3 0.0 0.3821470588235294
265.6675 247.68234 609.81714 61 3 0.0 0.3821470588235294
276.48157 266.3946 638.68463 61 3 0.0 0.3821470588235294
286.83963 285.45392 667.9243 61 3 0.0 0.3821470588235294
296.57816 304.98712 697.21735 61 3 0.0 0.3821470588235294
305.70944 324.9521 726.73505 61 3 0.0 0.3821470588235294
314.2617 345.2837 756.42786 61 3 0.0 0.3821470588235294
322.07568 366.12115 786.43835 61 3 0.0 0.3821470588235294
329.15176 387.4359 816.6984 61 3 0.0 0.3821470588235294
335.54147 409.1327 847.1724 61 3 0.0 0.3821470588235294
341.2094 431.21173 877.9729 61 3 0.0 0.3821470588235294
346.06293 453.74854 908.66016 61 3 0.0 0.3821470588235294
350.19675 476.57474 939.84564 61 3 0.0 0.3821470588235294
353.56937 499.6877 971.49164 61 3 0.0 0.3821470588235294
355.9432 523.37225 1003.2569 61 3 0.0 0.3821470588235294
358.22748 571.4681 1068.1462 61 3 0.0 0.3821470588235294
357.90457 596.10455 1101.1217 61 3 0.0 0.3821470588235294
356.71014 620.8613 1134.4956 61 3 0.0 0.3821470588235294
354.5488 645.8008 1168.3961 61 3 0.0 0.3821470588235294
351.2354 671.1664 1202.7677 61 3 0.0 0.3821470588235294
346.81024 696.7951 1237.8453 61 3 0.0 0.3821470588235294
341.32895 722.4512 1273.1539 61 3 0.0 0.3821470588235294
334.55847 748.4855 1309.2008 61 3 0.0 0.3821470588235294
326.52203 774.71796 1346.1003 61 3 0.0 0.3821470588235294
-122.50911 -71.521225 1539.4585 62 6 0.14726470588235296 0.5586176470588236
-137.3733 -86.19385 1806.7574 62 6 0.14726470588235296 0.5586176470588236
-151.55225 -101.6444 2075.6328 62 6 0.14726470588235296 0.5586176470588236
-165.23643 -117.70289 2345.5146 62 6 0.14726470588235296 0.5586176470588236
-93.49965 100.9724 -144.49611 63 7 0.20608823529411763 0.6174411764705883
-107.293015 116.28614 -142.71849 63 7 0.20608823529411763 0.6174411764705883
-121.30272 131.39714 -140.96916 63 7 0.20608823529411763 0.6174411764705883
-135.34724 146.49937 -139.18857 63 7 0.20608823529411763 0.6174411764705883
-149.79855 161.18855 -137.52501 63 7 0.20608823529411763 0.6174411764705883
-178.91167 190.41034 -133.83968 63 7 0.20608823529411763 0.6174411764705883
-193.61192 204.89491 -132.36058 63 7 0.20608823529411763 0.6174411764705883
-208.56755 219.12297 -130.52637 63 7 0.20608823529411763 0.6174411764705883
-223.6232 233.25662 -128.84741 63 7 0.20608823529411763 0.6174411764705883
-238.7745 247.29698 -127.178566 63 7 0.20608823529411763 0.6174411764705883
-254.1864 261.0711 -125.29898 63 7 0.20608823529411763 0.6174411764705883
-269.59085 274.85257 -123.5758 63 7 0.20608823529411763 0.6174411764705883
-285.36847 288.25073 -121.81871 63 7 0.20608823529411763 0.6174411764705883
-301.2633 301.52557 -120.32435 63 7 0.20608823529411763 0.6174411764705883
-317.00574 314.94183 -118.557396 63 7 0.20608823529411763 0.6174411764705883
-333.19138 327.9034 -116.62466 63 7 0.20608823529411763 0.6174411764705883
-349.43427 340.7924 -114.83017 63 7 0.20608823529411763 0.6174411764705883
-365.76746 353.57233 -113.36768 63 7 0.20608823529411763 0.6174411764705883
-382.41605 366.02414 -111.59678 63 7 0.20608823529411763 0.6174411764705883
-398.96896 378.5403 -109.84029 63 7 0.20608823529411763 0.6174411764705883
-432.55762 403.0151 -106.49856 63 7 0.20608823529411763 0.6174411764705883
-466.88068 426.65305 -102.92269 63 7 0.20608823529411763 0.6174411764705883
-501.61676 449.73462 -99.31172 63 7 0.20608823529411763 0.6174411764705883
-519.1951 461.01004 -97.62585 63 7 0.20608823529411763 0.6174411764705883
-536.86096 472.15222 -95.81959 63 7 0.20608823529411763 0.6174411764705883
-554.7329 483.0546 -94.23694 63 7 0.20608823529411763 0.6174411764705883
-572.7604 493.76047 -92.61278 63 7 0.20608823529411763 0.6174411764705883
-609.083 514.7446 -88.97669 63 7 0.20608823529411763 0.6174411764705883
-627.5181 524.8995 -87.27875 63 7 0.20608823529411763 0.6174411764705883
-645.8667 535.05133 -85.57007 63 7 0.20608823529411763 0.6174411764705883
18.210096 -128.09631 -299.40985 64 2 0.0 0.3233235294117647
19.96774 -148.63408 -301.85416 64 2 0.0 0.3233235294117647
21.622763 -169.01013 -304.5605 64 2 0.0 0.3233235294117647
23.130932 -189.56073 -307.07864 64 2 0.0 0.3233235294117647
24.510317 -210.15434 -309.79825 64 2 0.0 0.3233235294117647
25.763521 -230.77048 -312.37128 64 2 0.0 0.3233235294117647
26.892605 -251.38977 -314.88867 64 2 0.0 0.3233235294117647
27.91354 -271.85413 -317.6203 64 2 0.0 0.3233235294117647
28.794756 -292.4616 -320.33368 64 2 0.0 0.3233235294117647
29.550385 -313.07913 -322.70355 64 2 0.0 0.3233235294117647
30.161993 -333.90924 -325.29605 64 2 0.0 0.3233235294117647
30.688585 -354.29645 -327.9913 64 2 0.0 0.3233235294117647
31.463112 -416.02695 -336.0486 64 2 0.0 0.3233235294117647
31.456644 -436.78162 -338.50906 64 2 0.0 0.3233235294117647
31.335072 -457.3928 -341.27972 64 2 0.0 0.3233235294117647
31.082607 -478.07767 -343.88358 64 2 0.0 0.3233235294117647
30.717283 -498.55347 -346.387 64 2 0.0 0.3233235294117647
30.205761 -519.3542 -349.0033 64 2 0.0 0.3233235294117647
29.571573 -540.1084 -351.74005 64 2 0.0 0.3233235294117647
28.82104 -560.6814 -354.30994 64 2 0.0 0.3233235294117647
27.935253 -581.4263 -356.817 64 2 0.0 0.3233235294117647
26.928896 -602.05096 -359.48053 64 2 0.0 0.3233235294117647
24.545391 -643.04224 -364.81757 64 2 0.0 0.3233235294117647
21.635447 -684.5082 -369.98975 64 2 0.0 0.3233235294117647
19.993921 -705.1321 -372.6076 64 2 0.0 0.3233235294117647
18.225573 -725.7401 -375.25873 64 2 0.0 0.3233235294117647
16.330004 -746.3407 -377.75104 64 2 0.0 0.3233235294117647
14.304617 -767.067 -380.44095 64 2 0.0 0.3233235294117647
12.156467 -787.5381 -383.013 64 2 0.0 0.3233235294117647
7.4715686 -828.8633 -388.39404 64 2 0.0 0.3233235294117647
