x y z track_id event_id time_left time_right
132.17592 -50.30372 -408.3213 0 5 0.18209090909090908 0.727
151.31996 -57.616608 -434.99268 0 5 0.18209090909090908 0.727
170.56203 -65.200775 -461.6302 0 5 0.18209090909090908 0.727
189.73962 -73.11436 -488.4556 0 5 0.18209090909090908 0.727
208.7787 -81.38195 -515.22217 0 5 0.18209090909090908 0.727
227.31497 -90.14443 -542.317 0 5 0.18209090909090908 0.727
245.9687 -99.15579 -569.055 0 5 0.18209090909090908 0.727
264.60153 -108.46433 -595.96564 0 5 0.18209090909090908 0.727
282.8656 -118.20904 -622.6368 0 5 0.18209090909090908 0.727
301.253 -128.1821 -649.8674 0 5 0.18209090909090908 0.727
319.0539 -138.68123 -676.7266 0 5 0.18209090909090908 0.727
337.0622 -149.36212 -703.9583 0 5 0.18209090909090908 0.727
354.69928 -160.4728 -730.9153 0 5 0.18209090909090908 0.727
372.23718 -171.88937 -758.1042 0 5 0.18209090909090908 0.727
389.63193 -183.62657 -785.26154 0 5 0.18209090909090908 0.727
406.75626 -195.74052 -812.63837 0 5 0.18209090909090908 0.727
423.6252 -208.22234 -839.7653 0 5 0.18209090909090908 0.727
440.39365 -220.9921 -866.85815 0 5 0.18209090909090908 0.727
457.03598 -234.05566 -894.30707 0 5 0.18209090909090908 0.727
473.21115 -247.58464 -921.77966 0 5 0.18209090909090908 0.727
489.2188 -261.4229 -949.2618 0 5 0.18209090909090908 0.727
505.30487 -275.4304 -976.8853 0 5 0.18209090909090908 0.727
520.8562 -289.93356 -1004.47504 0 5 0.18209090909090908 0.727
536.1453 -304.78333 -1032.1466 0 5 0.18209090909090908 0.727
551.48157 -319.79648 -1059.8195 0 5 0.18209090909090908 0.727
566.17664 -335.3652 -1087.9623 0 5 0.18209090909090908 0.727
581.0062 -351.03012 -1115.6506 0 5 0.18209090909090908 0.727
609.54425 -383.52875 -1171.8843 0 5 0.18209090909090908 0.727
623.54126 -400.17453 -1199.816 0 5 0.18209090909090908 0.727
637.0927 -417.24548 -1228.3175 0 5 0.18209090909090908 0.727
650.45166 -434.5731 -1256.3992 0 5 0.18209090909090908 0.727
663.41003 -452.28937 -1285.157 0 5 0.18209090909090908 0.727
676.08276 -470.3125 -1313.7181 0 5 0.18209090909090908 0.727
688.47375 -488.63266 -1342.5155 0 5 0.18209090909090908 0.727
11.579495 -139.76567 568.93134 1 6 0.27299999999999996 0.8179090909090909
14.621575 -201.42741 747.12317 1 6 0.27299999999999996 0.8179090909090909
15.403056 -221.95877 806.52203 1 6 0.27299999999999996 0.8179090909090909
16.061432 -242.57578 865.86523 1 6 0.27299999999999996 0.8179090909090909
16.605925 -263.14282 925.1453 1 6 0.27299999999999996 0.8179090909090909
17.026693 -283.81403 984.41504 1 6 0.27299999999999996 0.8179090909090909
17.332361 -304.45258 1043.8765 1 6 0.27299999999999996 0.8179090909090909
17.531227 -324.89673 1103.3182 1 6 0.27299999999999996 0.8179090909090909
17.59977 -345.57193 1162.4678 1 6 0.27299999999999996 0.8179090909090909
17.548042 -366.30957 1222.0592 1 6 0.27299999999999996 0.8179090909090909
17.38314 -386.96188 1281.3745 1 6 0.27299999999999996 0.8179090909090909
17.10428 -407.5272 1340.927 1 6 0.27299999999999996 0.8179090909090909
16.703705 -428.18228 1400.1543 1 6 0.27299999999999996 0.8179090909090909
16.187449 -448.77963 1459.7148 1 6 0.27299999999999996 0.8179090909090909
14.795507 -490.1343 1578.6443 1 6 0.27299999999999996 0.8179090909090909
13.924845 -510.737 1637.9558 1 6 0.27299999999999996 0.8179090909090909
12.938425 -531.2339 1697.519 1 6 0.27299999999999996 0.8179090909090909
11.829921 -551.8746 1756.9747 1 6 0.27299999999999996 0.8179090909090909
10.605288 -572.403 1816.5256 1 6 0.27299999999999996 0.8179090909090909
9.257301 -593.2165 1875.9702 1 6 0.27299999999999996 0.8179090909090909
7.7956896 -613.7428 1935.631 1 6 0.27299999999999996 0.8179090909090909
6.2149224 -634.2874 1995.1807 1 6 0.27299999999999996 0.8179090909090909
4.5143046 -654.9715 2054.8054 1 6 0.27299999999999996 0.8179090909090909
2.696713 -675.37445 2114.445 1 6 0.27299999999999996 0.8179090909090909
0.7592078 -695.93896 2173.788 1 6 0.27299999999999996 0.8179090909090909
-3.4710374 -737.318 2292.9875 1 6 0.27299999999999996 0.8179090909090909
-5.764092 -757.8994 2352.6016 1 6 0.27299999999999996 0.8179090909090909
127.98616 -14.642569 -220.57619 2 3 0.00027272727272725783 0.5451818181818182
147.92833 -18.94174 -226.53065 2 3 0.00027272727272725783 0.5451818181818182
168.00397 -23.121084 -232.31863 2 3 0.00027272727272725783 0.5451818181818182
188.47604 -27.138493 -238.23457 2 3 0.00027272727272725783 0.5451818181818182
208.4404 -31.122635 -243.87587 2 3 0.00027272727272725783 0.5451818181818182
228.8184 -34.939518 -250.13347 2 3 0.00027272727272725783 0.5451818181818182
249.1094 -38.662907 -255.88466 2 3 0.00027272727272725783 0.5451818181818182
269.30478 -42.2949 -261.9109 2 3 0.00027272727272725783 0.5451818181818182
289.6602 -45.795334 -267.37656 2 3 0.00027272727272725783 0.5451818181818182
309.86328 -49.213223 -273.39355 2 3 0.00027272727272725783 0.5451818181818182
330.3807 -52.474377 -279.02924 2 3 0.00027272727272725783 0.5451818181818182
350.6459 -55.66859 -284.98056 2 3 0.00027272727272725783 0.5451818181818182
371.18942 -58.711468 -290.99936 2 3 0.00027272727272725783 0.5451818181818182
391.56708 -61.673298 -296.66205 2 3 0.00027272727272725783 0.5451818181818182
411.64255 -64.57487 -302.65695 2 3 0.00027272727272725783 0.5451818181818182
432.07022 -67.313095 -308.58673 2 3 0.00027272727272725783 0.5451818181818182
452.79562 -69.897285 -314.4521 2 3 0.00027272727272725783 0.5451818181818182
473.2438 -72.41638 -320.1816 2 3 0.00027272727272725783 0.5451818181818182
493.81168 -74.808846 -326.13113 2 3 0.00027272727272725783 0.5451818181818182
534.76764 -79.29503 -337.69766 2 3 0.00027272727272725783 0.5451818181818182
555.3574 -81.358086 -343.69037 2 3 0.00027272727272725783 0.5451818181818182
575.90485 -83.31821 -349.6905 2 3 0.00027272727272725783 0.5451818181818182
596.57367 -85.151505 -355.16925 2 3 0.00027272727272725783 0.5451818181818182
617.1429 -86.88957 -361.11804 2 3 0.00027272727272725783 0.5451818181818182
637.3311 -88.57063 -367.12134 2 3 0.00027272727272725783 0.5451818181818182
658.22314 -90.04367 -372.9207 2 3 0.00027272727272725783 0.5451818181818182
678.77277 -91.453735 -378.7532 2 3 0.00027272727272725783 0.5451818181818182
699.37787 -92.74567 -384.59186 2 3 0.00027272727272725783 0.5451818181818182
719.9655 -93.92907 -390.69003 2 3 0.00027272727272725783 0.5451818181818182
740.8801 -94.95941 -396.41943 2 3 0.00027272727272725783 0.5451818181818182
761.451 -95.92313 -402.3742 2 3 0.00027272727272725783 0.5451818181818182
782.1999 -96.75312 -408.20334 2 3 0.00027272727272725783 0.5451818181818182
802.99316 -97.46657 -414.10846 2 3 0.00027272727272725783 0.5451818181818182
823.54 -98.098206 -419.84625 2 3 0.00027272727272725783 0.5451818181818182
-62.220287 132.62611 -149.81967 3 1 0.0 0.36336363636363633
-69.32144 151.93715 -140.33809 3 1 0.0 0.36336363636363633
-76.184555 171.39413 -130.93135 3 1 0.0 0.36336363636363633
-82.82385 190.96606 -121.291145 3 1 0.0 0.36336363636363633
-89.30709 210.49219 -112.069115 3 1 0.0 0.36336363636363633
-95.5702 230.11497 -102.73318 3 1 0.0 0.36336363636363633
-101.53819 250.01695 -93.16979 3 1 0.0 0.36336363636363633
-107.46968 269.55832 -83.70962 3 1 0.0 0.36336363636363633
-113.11324 289.3526 -74.30517 3 1 0.0 0.36336363636363633
-123.57989 329.6164 -55.592495 3 1 0.0 0.36336363636363633
-133.36876 369.66528 -36.44647 3 1 0.0 0.36336363636363633
-137.92163 389.82852 -26.786308 3 1 0.0 0.36336363636363633
-142.2344 410.11722 -17.45959 3 1 0.0 0.36336363636363633
-146.30695 430.53192 -8.040562 3 1 0.0 0.36336363636363633
-153.85893 471.34875 11.043649 3 1 0.0 0.36336363636363633
-157.36768 491.64343 20.25729 3 1 0.0 0.36336363636363633
-160.5571 512.29626 29.959578 3 1 0.0 0.36336363636363633
-163.54596 532.9356 39.274887 3 1 0.0 0.36336363636363633
-166.35245 553.4924 49.061386 3 1 0.0 0.36336363636363633
-168.9078 574.18756 58.43294 3 1 0.0 0.36336363636363633
-171.19675 595.0756 67.92308 3 1 0.0 0.36336363636363633
-173.31622 615.8178 77.38366 3 1 0.0 0.36336363636363633
-175.29323 636.2984 87.15543 3 1 0.0 0.36336363636363633
-176.95238 657.1433 96.83664 3 1 0.0 0.36336363636363633
-178.37897 678.0465 106.40091 3 1 0.0 0.36336363636363633
-179.54102 699.1289 115.9984 3 1 0.0 0.36336363636363633
-180.54973 719.95245 125.431076 3 1 0.0 0.36336363636363633
-181.25084 741.1206 135.02852 3 1 0.0 0.36336363636363633
-181.7844 762.065 144.76645 3 1 0.0 0.36336363636363633
-182.04643 783.20746 154.28543 3 1 0.0 0.36336363636363633
-182.11821 804.19727 163.99916 3 1 0.0 0.36336363636363633
-181.94633 825.2562 173.62358 3 1 0.0 0.36336363636363633
-60.9611 -132.1194 -249.33707 4 4 0.0911818181818182 0.636090909090909
-67.21769 -151.73697 -293.09305 4 4 0.0911818181818182 0.636090909090909
-72.99623 -171.69562 -336.5623 4 4 0.0911818181818182 0.636090909090909
-78.45593 -191.61885 -380.08984 4 4 0.0911818181818182 0.636090909090909
-83.548676 -211.59624 -423.89127 4 4 0.0911818181818182 0.636090909090909
-88.19627 -231.8128 -467.6995 4 4 0.0911818181818182 0.636090909090909
-92.42322 -252.20248 -511.5022 4 4 0.0911818181818182 0.636090909090909
-96.28623 -272.59787 -555.2674 4 4 0.0911818181818182 0.636090909090909
-99.77116 -293.01477 -599.15295 4 4 0.0911818181818182 0.636090909090909
-102.76744 -313.7669 -643.13684 4 4 0.0911818181818182 0.636090909090909
-105.41285 -334.431 -687.015 4 4 0.0911818181818182 0.636090909090909
-109.44906 -376.03622 -775.35266 4 4 0.0911818181818182 0.636090909090909
-110.86582 -396.85443 -819.6161 4 4 0.0911818181818182 0.636090909090909
-111.7963 -417.96844 -864.10864 4 4 0.0911818181818182 0.636090909090909
-112.32502 -439.0617 -908.4086 4 4 0.0911818181818182 0.636090909090909
-112.44317 -460.14014 -953.0582 4 4 0.0911818181818182 0.636090909090909
-112.09037 -481.4336 -997.8029 4 4 0.0911818181818182 0.636090909090909
-111.37203 -502.47192 -1042.6448 4 4 0.0911818181818182 0.636090909090909
-110.20226 -523.59454 -1087.5548 4 4 0.0911818181818182 0.636090909090909
-108.52521 -545.06805 -1132.4863 4 4 0.0911818181818182 0.636090909090909
-106.41483 -566.53284 -1177.5369 4 4 0.0911818181818182 0.636090909090909
-103.88597 -587.8741 -1222.8945 4 4 0.0911818181818182 0.636090909090909
-100.95864 -608.91644 -1268.115 4 4 0.0911818181818182 0.636090909090909
-97.50718 -630.37775 -1313.9089 4 4 0.0911818181818182 0.636090909090909
-89.30024 -672.81934 -1405.4774 4 4 0.0911818181818182 0.636090909090909
-84.48189 -694.1618 -1451.6143 4 4 0.0911818181818182 0.636090909090909
-79.19353 -715.5121 -1497.5437 4 4 0.0911818181818182 0.636090909090909
-67.227516 -757.8581 -1590.9845 4 4 0.0911818181818182 0.636090909090909
-60.521454 -779.0379 -1637.5403 4 4 0.0911818181818182 0.636090909090909
-53.33881 -800.0867 -1684.4686 4 4 0.0911818181818182 0.636090909090909
-45.67072 -821.04047 -1731.6807 4 4 0.0911818181818182 0.636090909090909
-37.502357 -842.1105 -1779.252 4 4 0.0911818181818182 0.636090909090909
-4.891388 -133.37366 -117.91291 5 9 0.5457272727272728 1.0
-6.5601144 -153.8115 -128.57019 5 9 0.5457272727272728 1.0
-8.114707 -174.38084 -139.05133 5 9 0.5457272727272728 1.0
-9.568216 -194.78726 -149.39992 5 9 0.5457272727272728 1.0
-12.1258335 -236.05852 -170.20221 5 9 0.5457272727272728 1.0
-13.246511 -256.58554 -180.58377 5 9 0.5457272727272728 1.0
-14.249577 -277.27722 -191.21974 5 9 0.5457272727272728 1.0
-15.158979 -297.66553 -201.6481 5 9 0.5457272727272728 1.0
-15.937702 -318.47495 -212.02426 5 9 0.5457272727272728 1.0
-16.617268 -339.08475 -222.4516 5 9 0.5457272727272728 1.0
-17.197866 -359.47626 -232.85309 5 9 0.5457272727272728 1.0
-17.654825 -380.15927 -243.39911 5 9 0.5457272727272728 1.0
-18.003185 -400.82428 -253.82515 5 9 0.5457272727272728 1.0
-18.252186 -421.2544 -264.11432 5 9 0.5457272727272728 1.0
-18.370888 -442.16257 -274.606 5 9 0.5457272727272728 1.0
-18.405777 -462.44168 -284.86893 5 9 0.5457272727272728 1.0
-18.306591 -483.32385 -295.6554 5 9 0.5457272727272728 1.0
-18.113287 -503.79114 -306.00034 5 9 0.5457272727272728 1.0
-17.796936 -524.6212 -316.39713 5 9 0.5457272727272728 1.0
-17.381989 -545.114 -326.6486 5 9 0.5457272727272728 1.0
-16.849024 -565.84863 -337.40668 5 9 0.5457272727272728 1.0
-16.206493 -586.5721 -347.76608 5 9 0.5457272727272728 1.0
-15.464021 -606.9014 -358.2626 5 9 0.5457272727272728 1.0
-14.600562 -627.62646 -368.60983 5 9 0.5457272727272728 1.0
-13.625554 -648.4205 -378.82568 5 9 0.5457272727272728 1.0
-12.544462 -669.0143 -389.51093 5 9 0.5457272727272728 1.0
-11.354134 -689.5132 -400.02475 5 9 0.5457272727272728 1.0
-10.047627 -710.35736 -410.36533 5 9 0.5457272727272728 1.0
-8.6360855 -730.8037 -420.9105 5 9 0.5457272727272728 1.0
-7.1110005 -751.4513 -431.34137 5 9 0.5457272727272728 1.0
-5.474774 -772.1566 -441.82196 5 9 0.5457272727272728 1.0
-3.7291253 -792.6348 -452.28033 5 9 0.5457272727272728 1.0
-1.8713186 -813.35254 -462.769 5 9 0.5457272727272728 1.0
0.09697591 -834.0127 -473.09485 5 9 0.5457272727272728 1.0
-68.13844 -129.4244 -1089.792 6 7 0.3639090909090909 0.9088181818181817
-79.66896 -146.61305 -1247.4542 6 7 0.3639090909090909 0.9088181818181817
-91.67475 -163.5169 -1405.2517 6 7 0.3639090909090909 0.9088181818181817
-104.187614 -180.0619 -1563.3461 6 7 0.3639090909090909 0.9088181818181817
-117.138306 -196.3509 -1721.9008 6 7 0.3639090909090909 0.9088181818181817
-130.533 -212.35048 -1880.5527 6 7 0.3639090909090909 0.9088181818181817
-144.4097 -227.97922 -2040.0264 6 7 0.3639090909090909 0.9088181818181817
-158.76756 -243.22318 -2199.5056 6 7 0.3639090909090909 0.9088181818181817
-173.66658 -257.97812 -2359.383 6 7 0.3639090909090909 0.9088181818181817
-105.35931 -94.905754 -138.12268 7 0 0.0 0.27245454545454545
-118.59775 -110.69578 -153.05284 7 0 0.0 0.27245454545454545
-131.83293 -126.479034 -167.94629 7 0 0.0 0.27245454545454545
-144.79736 -142.50468 -183.06593 7 0 0.0 0.27245454545454545
-157.72916 -158.53886 -197.89265 7 0 0.0 0.27245454545454545
-170.27473 -174.93443 -212.91458 7 0 0.0 0.27245454545454545
-182.80199 -191.31755 -228.13058 7 0 0.0 0.27245454545454545
-195.12224 -207.8785 -243.03804 7 0 0.0 0.27245454545454545
-207.40498 -224.43378 -258.2469 7 0 0.0 0.27245454545454545
-219.49281 -241.1476 -273.1141 7 0 0.0 0.27245454545454545
-231.323 -258.08926 -287.95346 7 0 0.0 0.27245454545454545
-242.94284 -275.2073 -303.0643 7 0 0.0 0.27245454545454545
-254.49373 -292.33884 -318.0534 7 0 0.0 0.27245454545454545
-265.87112 -309.59836 -333.24286 7 0 0.0 0.27245454545454545
-276.81958 -327.28537 -348.23047 7 0 0.0 0.27245454545454545
-287.9232 -344.71045 -363.4172 7 0 0.0 0.27245454545454545
-298.76254 -362.36417 -378.1463 7 0 0.0 0.27245454545454545
-309.4555 -380.10352 -393.4797 7 0 0.0 0.27245454545454545
-319.95074 -397.98843 -408.4627 7 0 0.0 0.27245454545454545
-330.26883 -415.9915 -423.62363 7 0 0.0 0.27245454545454545
-340.3416 -434.19696 -438.8758 7 0 0.0 0.27245454545454545
-350.3374 -452.38812 -453.679 7 0 0.0 0.27245454545454545
-360.20166 -470.62863 -469.06696 7 0 0.0 0.27245454545454545
-369.67715 -489.2539 -484.1663 7 0 0.0 0.27245454545454545
-379.15417 -507.7484 -499.26617 7 0 0.0 0.27245454545454545
-388.28366 -526.5737 -514.4043 7 0 0.0 0.27245454545454545
-397.40198 -545.27344 -529.66095 7 0 0.0 0.27245454545454545
-406.18713 -564.28345 -544.7853 7 0 0.0 0.27245454545454545
-414.97458 -583.13666 -559.9576 7 0 0.0 0.27245454545454545
-423.31894 -602.45416 -575.24176 7 0 0.0 0.27245454545454545
-431.8048 -621.40436 -590.4167 7 0 0.0 0.27245454545454545
-439.78552 -640.90955 -605.5889 7 0 0.0 0.27245454545454545
-447.72034 -660.3058 -620.9787 7 0 0.0 0.27245454545454545
-455.48535 -679.7672 -636.3091 7 0 0.0 0.27245454545454545
-462.90192 -699.5595 -651.6958 7 0 0.0 0.27245454545454545
22.698397 146.17131 366.09015 8 10 0.6366363636363637 1.0
26.39563 166.54295 393.88824 8 10 0.6366363636363637 1.0
30.297407 186.85728 422.02383 8 10 0.6366363636363637 1.0
34.40177 207.12473 449.9004 8 10 0.6366363636363637 1.0
38.74416 227.13571 477.8658 8 10 0.6366363636363637 1.0
43.287537 247.11583 505.69263 8 10 0.6366363636363637 1.0
48.001892 267.22964 533.89954 8 10 0.6366363636363637 1.0
52.882343 287.48846 561.69666 8 10 0.6366363636363637 1.0
58.012707 307.432 589.6196 8 10 0.6366363636363637 1.0
63.316124 327.4749 617.7626 8 10 0.6366363636363637 1.0
68.85356 347.29703 645.74146 8 10 0.6366363636363637 1.0
74.547066 367.29218 673.9308 8 10 0.6366363636363637 1.0
80.493095 386.9789 701.9057 8 10 0.6366363636363637 1.0
86.65107 406.56348 730.14545 8 10 0.6366363636363637 1.0
92.975586 426.2554 758.05273 8 10 0.6366363636363637 1.0
99.50316 445.87805 786.3419 8 10 0.6366363636363637 1.0
106.20484 465.55713 814.1611 8 10 0.6366363636363637 1.0
113.08734 485.25427 842.27313 8 10 0.6366363636363637 1.0
120.23991 504.5879 870.4862 8 10 0.6366363636363637 1.0
127.52135 524.155 898.85126 8 10 0.6366363636363637 1.0
142.73366 562.8738 955.0905 8 10 0.6366363636363637 1.0
150.67381 581.9942 983.1828 8 10 0.6366363636363637 1.0
158.79712 601.10956 1011.63696 8 10 0.6366363636363637 1.0
167.13493 620.0976 1039.9967 8 10 0.6366363636363637 1.0
175.61029 639.23987 1068.1123 8 10 0.6366363636363637 1.0
184.29077 658.2801 1096.3899 8 10 0.6366363636363637 1.0
202.32632 695.84845 1152.934 8 10 0.6366363636363637 1.0
211.63777 714.5302 1181.5837 8 10 0.6366363636363637 1.0
221.07404 733.3757 1209.7917 8 10 0.6366363636363637 1.0
230.75067 751.99335 1238.2823 8 10 0.6366363636363637 1.0
240.62679 770.51965 1266.9445 8 10 0.6366363636363637 1.0
250.73824 788.84015 1295.138 8 10 0.6366363636363637 1.0
261.0472 807.0759 1323.6001 8 10 0.6366363636363637 1.0
148.18237 9.357887 -302.61737 9 7 0.3639090909090909 0.9088181818181817
189.33194 9.292496 -398.10928 9 7 0.3639090909090909 0.9088181818181817
210.03777 8.903026 -445.6952 9 7 0.3639090909090909 0.9088181818181817
230.68335 8.282864 -493.33484 9 7 0.3639090909090909 0.9088181818181817
251.04132 7.4372926 -540.9707 9 7 0.3639090909090909 0.9088181818181817
271.87488 6.342893 -588.5039 9 7 0.3639090909090909 0.9088181818181817
292.5004 5.0201015 -636.3092 9 7 0.3639090909090909 0.9088181818181817
313.09863 3.4629483 -684.0866 9 7 0.3639090909090909 0.9088181818181817
333.79172 1.6702561 -731.89 9 7 0.3639090909090909 0.9088181818181817
354.19778 -0.35666773 -779.7581 9 7 0.3639090909090909 0.9088181818181817
374.70148 -2.6202698 -827.6736 9 7 0.3639090909090909 0.9088181818181817
415.60883 -7.8575683 -923.4451 9 7 0.3639090909090909 0.9088181818181817
456.81467 -14.031292 -1019.09076 9 7 0.3639090909090909 0.9088181818181817
477.3337 -17.472612 -1067.0942 9 7 0.3639090909090909 0.9088181818181817
538.57666 -29.22128 -1211.1476 9 7 0.3639090909090909 0.9088181818181817
559.0259 -33.60574 -1259.5039 9 7 0.3639090909090909 0.9088181818181817
579.2548 -38.238705 -1307.5039 9 7 0.3639090909090909 0.9088181818181817
599.4498 -43.11012 -1355.6144 9 7 0.3639090909090909 0.9088181818181817
619.86725 -48.20004 -1403.9436 9 7 0.3639090909090909 0.9088181818181817
640.17035 -53.53206 -1452.4596 9 7 0.3639090909090909 0.9088181818181817
660.12036 -59.128883 -1500.6125 9 7 0.3639090909090909 0.9088181818181817
680.41754 -64.92917 -1549.0859 9 7 0.3639090909090909 0.9088181818181817
700.4235 -70.99066 -1597.5548 9 7 0.3639090909090909 0.9088181818181817
720.34753 -77.29523 -1646.1719 9 7 0.3639090909090909 0.9088181818181817
740.57886 -83.79936 -1694.6595 9 7 0.3639090909090909 0.9088181818181817
760.3594 -90.58694 -1743.1433 9 7 0.3639090909090909 0.9088181818181817
780.2992 -97.58865 -1791.9441 9 7 0.3639090909090909 0.9088181818181817
800.03973 -104.84761 -1840.837 9 7 0.3639090909090909 0.9088181818181817
819.95636 -112.31481 -1889.8523 9 7 0.3639090909090909 0.9088181818181817
839.4488 -120.07174 -1938.4625 9 7 0.3639090909090909 0.9088181818181817
61.875134 124.74763 -12.942992 10 4 0.0911818181818182 0.636090909090909
72.286736 142.56708 -22.33294 10 4 0.0911818181818182 0.636090909090909
82.83997 160.2671 -31.733238 10 4 0.0911818181818182 0.636090909090909
93.50919 177.89851 -41.118107 10 4 0.0911818181818182 0.636090909090909
104.26999 195.50603 -50.583946 10 4 0.0911818181818182 0.636090909090909
115.203285 212.93726 -59.772377 10 4 0.0911818181818182 0.636090909090909
137.33266 247.74176 -78.51251 10 4 0.0911818181818182 0.636090909090909
148.6419 264.90753 -87.83191 10 4 0.0911818181818182 0.636090909090909
159.96822 282.17538 -97.284195 10 4 0.0911818181818182 0.636090909090909
171.56633 299.0942 -106.961815 10 4 0.0911818181818182 0.636090909090909
183.06682 316.30942 -116.15601 10 4 0.0911818181818182 0.636090909090909
194.90042 333.07224 -125.53937 10 4 0.0911818181818182 0.636090909090909
206.62244 350.14597 -134.85362 10 4 0.0911818181818182 0.636090909090909
218.62057 366.86783 -144.23703 10 4 0.0911818181818182 0.636090909090909
230.5904 383.75095 -153.75198 10 4 0.0911818181818182 0.636090909090909
242.62424 400.63565 -162.90346 10 4 0.0911818181818182 0.636090909090909
255.01804 417.0349 -172.40411 10 4 0.0911818181818182 0.636090909090909
267.43896 433.49786 -181.80713 10 4 0.0911818181818182 0.636090909090909
279.81506 450.1355 -191.26588 10 4 0.0911818181818182 0.636090909090909
292.4337 466.4824 -200.58003 10 4 0.0911818181818182 0.636090909090909
305.11124 482.83298 -210.04869 10 4 0.0911818181818182 0.636090909090909
317.95856 499.01044 -219.46643 10 4 0.0911818181818182 0.636090909090909
330.95297 515.0511 -228.76924 10 4 0.0911818181818182 0.636090909090909
344.04037 531.0389 -238.30937 10 4 0.0911818181818182 0.636090909090909
357.17178 547.04724 -247.5309 10 4 0.0911818181818182 0.636090909090909
370.2237 563.26044 -257.13763 10 4 0.0911818181818182 0.636090909090909
383.7374 578.8542 -266.54608 10 4 0.0911818181818182 0.636090909090909
397.24142 594.5456 -275.9869 10 4 0.0911818181818182 0.636090909090909
410.6612 610.44037 -285.18494 10 4 0.0911818181818182 0.636090909090909
424.44498 625.87006 -294.75964 10 4 0.0911818181818182 0.636090909090909
438.1974 641.4207 -304.302 10 4 0.0911818181818182 0.636090909090909
452.14908 656.7517 -313.69186 10 4 0.0911818181818182 0.636090909090909
466.10883 672.1407 -323.15628 10 4 0.0911818181818182 0.636090909090909
480.36853 687.16565 -332.55527 10 4 0.0911818181818182 0.636090909090909
17.731466 144.50247 1.6013879 11 9 0.5457272727272728 1.0
18.363974 164.95425 8.7974205 11 9 0.5457272727272728 1.0
18.829277 185.40608 16.101297 11 9 0.5457272727272728 1.0
19.087847 206.28664 23.425192 11 9 0.5457272727272728 1.0
19.2028 226.97145 30.63774 11 9 0.5457272727272728 1.0
19.180979 247.30646 37.902977 11 9 0.5457272727272728 1.0
18.963318 268.0215 45.315044 11 9 0.5457272727272728 1.0
18.587303 288.64923 52.544796 11 9 0.5457272727272728 1.0
18.053429 309.1492 59.920338 11 9 0.5457272727272728 1.0
17.33999 329.8889 67.3229 11 9 0.5457272727272728 1.0
16.470024 350.46222 74.5738 11 9 0.5457272727272728 1.0
15.437684 370.94058 81.688484 11 9 0.5457272727272728 1.0
14.224057 391.8013 89.01538 11 9 0.5457272727272728 1.0
12.86008 412.24078 96.396095 11 9 0.5457272727272728 1.0
11.323173 432.87396 103.71849 11 9 0.5457272727272728 1.0
9.62494 453.28976 111.039764 11 9 0.5457272727272728 1.0
7.7519827 474.1121 118.50751 11 9 0.5457272727272728 1.0
5.7183557 494.63425 125.48502 11 9 0.5457272727272728 1.0
3.5175536 515.18097 132.80685 11 9 0.5457272727272728 1.0
1.1498915 535.7877 140.29604 11 9 0.5457272727272728 1.0
-1.3842872 556.23425 147.44592 11 9 0.5457272727272728 1.0
-4.0833426 577.0547 155.01562 11 9 0.5457272727272728 1.0
-6.9528794 597.31976 162.29456 11 9 0.5457272727272728 1.0
-9.986882 617.8632 169.53879 11 9 0.5457272727272728 1.0
-13.185683 638.4802 177.06146 11 9 0.5457272727272728 1.0
-16.55509 658.895 184.5088 11 9 0.5457272727272728 1.0
-20.09208 679.296 191.31213 11 9 0.5457272727272728 1.0
-23.796703 699.68176 198.93782 11 9 0.5457272727272728 1.0
-27.67209 719.9712 206.1989 11 9 0.5457272727272728 1.0
-31.703648 740.52985 213.7261 11 9 0.5457272727272728 1.0
-35.91423 760.79346 221.16432 11 9 0.5457272727272728 1.0
-40.27688 781.3556 228.41393 11 9 0.5457272727272728 1.0
-44.818783 801.65515 235.81349 11 9 0.5457272727272728 1.0
-49.52954 821.9173 243.13301 11 9 0.5457272727272728 1.0
-54.410122 842.12994 250.63942 11 9 0.5457272727272728 1.0
78.20584 106.23966 82.17287 12 11 0.7275454545454545 1.0
92.126144 121.42073 114.97894 12 11 0.7275454545454545 1.0
120.35789 151.39961 180.18724 12 11 0.7275454545454545 1.0
134.51901 166.3847 213.01695 12 11 0.7275454545454545 1.0
148.93434 181.08687 245.62376 12 11 0.7275454545454545 1.0
178.08685 210.19167 310.95135 12 11 0.7275454545454545 1.0
192.64876 224.79662 343.46707 12 11 0.7275454545454545 1.0
207.35622 239.24976 376.2678 12 11 0.7275454545454545 1.0
222.20908 253.55217 409.1101 12 11 0.7275454545454545 1.0
237.24635 267.66046 441.83212 12 11 0.7275454545454545 1.0
252.29323 281.77188 474.33658 12 11 0.7275454545454545 1.0
267.34637 295.88593 507.15378 12 11 0.7275454545454545 1.0
298.02316 323.50717 572.5476 12 11 0.7275454545454545 1.0
328.83466 350.99844 637.8974 12 11 0.7275454545454545 1.0
360.26923 377.82504 703.4915 12 11 0.7275454545454545 1.0
376.151 391.06247 736.3151 12 11 0.7275454545454545 1.0
392.1663 404.15707 769.3133 12 11 0.7275454545454545 1.0
407.9414 417.49103 801.9339 12 11 0.7275454545454545 1.0
424.06863 430.45398 834.7894 12 11 0.7275454545454545 1.0
440.43152 443.16855 867.4576 12 11 0.7275454545454545 1.0
456.79306 455.87372 900.27606 12 11 0.7275454545454545 1.0
473.17432 468.54526 933.13654 12 11 0.7275454545454545 1.0
489.49088 481.26346 965.9451 12 11 0.7275454545454545 1.0
506.22406 493.5542 998.78394 12 11 0.7275454545454545 1.0
522.80115 505.97815 1031.5128 12 11 0.7275454545454545 1.0
539.59247 518.1731 1064.5214 12 11 0.7275454545454545 1.0
556.47205 530.2608 1097.4669 12 11 0.7275454545454545 1.0
573.44904 542.2315 1130.3708 12 11 0.7275454545454545 1.0
590.3943 554.2055 1163.4667 12 11 0.7275454545454545 1.0
607.50806 565.99274 1196.2203 12 11 0.7275454545454545 1.0
120.10948 -8.643785 53.12262 13 0 0.0 0.27245454545454545
140.69897 -9.7318535 67.30046 13 0 0.0 0.27245454545454545
161.28438 -10.5697365 81.60608 13 0 0.0 0.27245454545454545
182.19504 -11.136565 95.60008 13 0 0.0 0.27245454545454545
202.53098 -11.4871645 109.92335 13 0 0.0 0.27245454545454545
223.3613 -11.557381 124.15068 13 0 0.0 0.27245454545454545
243.86995 -11.392086 138.32257 13 0 0.0 0.27245454545454545
264.72665 -10.957993 152.51672 13 0 0.0 0.27245454545454545
285.29614 -10.283074 166.82283 13 0 0.0 0.27245454545454545
305.71277 -9.358101 180.85698 13 0 0.0 0.27245454545454545
326.4652 -8.167859 195.006 13 0 0.0 0.27245454545454545
346.97168 -6.7288933 209.33615 13 0 0.0 0.27245454545454545
367.76227 -5.0294633 223.63908 13 0 0.0 0.27245454545454545
388.4857 -3.0769799 237.74622 13 0 0.0 0.27245454545454545
409.08514 -0.87021846 252.37202 13 0 0.0 0.27245454545454545
450.14978 4.3130426 280.99216 13 0 0.0 0.27245454545454545
470.98035 7.285596 295.15588 13 0 0.0 0.27245454545454545
491.49756 10.518338 309.48132 13 0 0.0 0.27245454545454545
511.88953 14.0116205 323.98102 13 0 0.0 0.27245454545454545
532.38495 17.759924 337.97232 13 0 0.0 0.27245454545454545
552.97876 21.761396 352.27557 13 0 0.0 0.27245454545454545
593.9273 30.543106 381.2638 13 0 0.0 0.27245454545454545
614.1573 35.33271 395.48972 13 0 0.0 0.27245454545454545
634.713 40.36046 410.0076 13 0 0.0 0.27245454545454545
654.98 45.66274 424.39178 13 0 0.0 0.27245454545454545
675.09406 51.23398 438.99982 13 0 0.0 0.27245454545454545
695.3174 57.054874 453.45282 13 0 0.0 0.27245454545454545
735.675 69.47407 482.30136 13 0 0.0 0.27245454545454545
755.86285 76.06649 497.01892 13 0 0.0 0.27245454545454545
775.82886 82.93717 511.2848 13 0 0.0 0.27245454545454545
795.8461 90.058395 526.10175 13 0 0.0 0.27245454545454545
815.77246 97.445175 540.82104 13 0 0.0 0.27245454545454545
-115.67861 -56.51985 44.05642 14 9 0.5457272727272728 1.0
-133.61472 -66.73294 57.51825 14 9 0.5457272727272728 1.0
-168.97789 -88.01403 84.69323 14 9 0.5457272727272728 1.0
-186.22128 -99.174545 98.28307 14 9 0.5457272727272728 1.0
-203.50343 -110.503555 111.81212 14 9 0.5457272727272728 1.0
-220.57156 -122.13132 125.386345 14 9 0.5457272727272728 1.0
-237.77802 -133.85754 139.0552 14 9 0.5457272727272728 1.0
-254.40173 -146.0831 152.66936 14 9 0.5457272727272728 1.0
-271.1563 -158.40045 166.1921 14 9 0.5457272727272728 1.0
-287.50003 -171.1189 179.78563 14 9 0.5457272727272728 1.0
-303.6778 -184.09393 193.63116 14 9 0.5457272727272728 1.0
-319.81064 -197.2469 207.21758 14 9 0.5457272727272728 1.0
-335.57605 -210.77206 220.8449 14 9 0.5457272727272728 1.0
-351.3128 -224.45526 234.9731 14 9 0.5457272727272728 1.0
-366.90945 -238.35977 248.35457 14 9 0.5457272727272728 1.0
-382.1577 -252.6176 262.0337 14 9 0.5457272727272728 1.0
-412.1619 -281.81995 289.53693 14 9 0.5457272727272728 1.0
-426.8192 -296.82233 303.40323 14 9 0.5457272727272728 1.0
-441.44012 -311.951 317.02634 14 9 0.5457272727272728 1.0
-455.5801 -327.51514 331.06824 14 9 0.5457272727272728 1.0
-469.56448 -343.28217 344.94537 14 9 0.5457272727272728 1.0
-483.4238 -359.2228 358.71405 14 9 0.5457272727272728 1.0
-497.00433 -375.44516 372.61554 14 9 0.5457272727272728 1.0
-510.3177 -391.93768 386.6556 14 9 0.5457272727272728 1.0
-523.55743 -408.5461 400.79904 14 9 0.5457272727272728 1.0
-536.3792 -425.5328 414.52682 14 9 0.5457272727272728 1.0
-548.8943 -442.8102 428.5273 14 9 0.5457272727272728 1.0
-561.44946 -460.09177 442.65332 14 9 0.5457272727272728 1.0
-573.5742 -477.753 456.87213 14 9 0.5457272727272728 1.0
-585.5444 -495.5626 471.03122 14 9 0.5457272727272728 1.0
-597.1178 -513.7195 485.17838 14 9 0.5457272727272728 1.0
-608.5612 -531.9909 499.16803 14 9 0.5457272727272728 1.0
-619.5683 -550.63806 513.3839 14 9 0.5457272727272728 1.0
129.81589 -60.349144 373.63574 15 6 0.27299999999999996 0.8179090909090909
148.14049 -69.98398 405.29877 15 6 0.27299999999999996 0.8179090909090909
166.12155 -79.86617 437.06168 15 6 0.27299999999999996 0.8179090909090909
184.30287 -89.736435 468.6908 15 6 0.27299999999999996 0.8179090909090909
202.08119 -99.88694 500.20462 15 6 0.27299999999999996 0.8179090909090909
220.15675 -109.97354 531.7518 15 6 0.27299999999999996 0.8179090909090909
237.97955 -120.26739 563.78156 15 6 0.27299999999999996 0.8179090909090909
255.71114 -130.68867 595.2072 15 6 0.27299999999999996 0.8179090909090909
273.47858 -141.1717 626.9831 15 6 0.27299999999999996 0.8179090909090909
291.44693 -151.62837 658.30853 15 6 0.27299999999999996 0.8179090909090909
308.8033 -162.48198 690.0241 15 6 0.27299999999999996 0.8179090909090909
326.43958 -173.2664 721.60425 15 6 0.27299999999999996 0.8179090909090909
343.711 -184.32166 753.3204 15 6 0.27299999999999996 0.8179090909090909
361.3416 -195.25992 784.8854 15 6 0.27299999999999996 0.8179090909090909
378.50024 -206.528 816.5778 15 6 0.27299999999999996 0.8179090909090909
395.72305 -217.8361 848.4065 15 6 0.27299999999999996 0.8179090909090909
413.04724 -229.1612 879.9883 15 6 0.27299999999999996 0.8179090909090909
430.13638 -240.68857 911.8394 15 6 0.27299999999999996 0.8179090909090909
447.20667 -252.29805 943.2657 15 6 0.27299999999999996 0.8179090909090909
464.30084 -263.9641 975.05817 15 6 0.27299999999999996 0.8179090909090909
481.22504 -275.79596 1006.90967 15 6 0.27299999999999996 0.8179090909090909
497.9575 -287.80704 1038.5646 15 6 0.27299999999999996 0.8179090909090909
514.92285 -299.7512 1070.4105 15 6 0.27299999999999996 0.8179090909090909
531.6783 -311.8835 1102.1376 15 6 0.27299999999999996 0.8179090909090909
548.26855 -324.17883 1133.8407 15 6 0.27299999999999996 0.8179090909090909
564.9865 -336.4634 1165.723 15 6 0.27299999999999996 0.8179090909090909
597.8093 -361.58954 1229.1299 15 6 0.27299999999999996 0.8179090909090909
614.2546 -374.22607 1260.7823 15 6 0.27299999999999996 0.8179090909090909
630.5771 -386.9982 1292.7443 15 6 0.27299999999999996 0.8179090909090909
646.69366 -399.9575 1324.409 15 6 0.27299999999999996 0.8179090909090909
662.69965 -413.04572 1356.3214 15 6 0.27299999999999996 0.8179090909090909
695.01874 -439.20453 1419.9637 15 6 0.27299999999999996 0.8179090909090909
710.94354 -452.51627 1451.8282 15 6 0.27299999999999996 0.8179090909090909
163.69069 -45.797344 -28.154533 16 2 0.0 0.4542727272727273
183.52701 -51.131107 -23.724367 16 2 0.0 0.4542727272727273
203.47388 -56.273773 -19.29823 16 2 0.0 0.4542727272727273
223.43773 -61.250633 -14.958446 16 2 0.0 0.4542727272727273
243.50691 -66.03679 -10.603208 16 2 0.0 0.4542727272727273
263.58792 -70.65712 -6.3338475 16 2 0.0 0.4542727272727273
283.78516 -75.08299 -1.998611 16 2 0.0 0.4542727272727273
304.05966 -79.32467 2.4531267 16 2 0.0 0.4542727272727273
324.04062 -83.477264 6.6982017 16 2 0.0 0.4542727272727273
344.6609 -87.2998 11.047469 16 2 0.0 0.4542727272727273
364.8711 -91.0605 15.472752 16 2 0.0 0.4542727272727273
385.30096 -94.59869 19.779146 16 2 0.0 0.4542727272727273
405.53503 -98.0163 24.214233 16 2 0.0 0.4542727272727273
425.90225 -101.23162 28.441093 16 2 0.0 0.4542727272727273
446.29013 -104.27148 32.91855 16 2 0.0 0.4542727272727273
466.77866 -107.11663 37.543686 16 2 0.0 0.4542727272727273
487.4369 -109.75172 41.735596 16 2 0.0 0.4542727272727273
507.85477 -112.26843 46.154167 16 2 0.0 0.4542727272727273
528.58905 -114.542 50.390526 16 2 0.0 0.4542727272727273
549.2537 -116.657425 54.88059 16 2 0.0 0.4542727272727273
569.99725 -118.58192 59.271736 16 2 0.0 0.4542727272727273
590.2906 -120.42334 63.629223 16 2 0.0 0.4542727272727273
611.34625 -121.932884 68.01453 16 2 0.0 0.4542727272727273
631.97034 -123.352585 72.474335 16 2 0.0 0.4542727272727273
652.8433 -124.54597 76.763725 16 2 0.0 0.4542727272727273
673.43787 -125.61371 81.128075 16 2 0.0 0.4542727272727273
694.1143 -126.48561 85.61475 16 2 0.0 0.4542727272727273
714.98706 -127.141495 89.86619 16 2 0.0 0.4542727272727273
735.71924 -127.641495 94.24722 16 2 0.0 0.4542727272727273
756.71405 -127.9147 98.79635 16 2 0.0 0.4542727272727273
777.595 -128.02577 103.21701 16 2 0.0 0.4542727272727273
798.4746 -127.954285 107.43705 16 2 0.0 0.4542727272727273
819.32416 -127.70394 112.182076 16 2 0.0 0.4542727272727273
840.2079 -127.26381 116.42678 16 2 0.0 0.4542727272727273
115.306 79.26553 -740.5383 17 3 0.00027272727272725783 0.5451818181818182
133.7416 88.48342 -826.28516 17 3 0.00027272727272725783 0.5451818181818182
152.386 97.47877 -912.14325 17 3 0.00027272727272725783 0.5451818181818182
171.01561 106.39685 -997.70605 17 3 0.00027272727272725783 0.5451818181818182
189.53912 115.28746 -1083.5768 17 3 0.00027272727272725783 0.5451818181818182
208.10973 124.05132 -1169.3234 17 3 0.00027272727272725783 0.5451818181818182
226.90634 132.58278 -1255.1642 17 3 0.00027272727272725783 0.5451818181818182
245.65349 141.0445 -1340.9347 17 3 0.00027272727272725783 0.5451818181818182
264.4636 149.36873 -1426.767 17 3 0.00027272727272725783 0.5451818181818182
283.50027 157.46388 -1512.597 17 3 0.00027272727272725783 0.5451818181818182
302.69122 165.37288 -1598.5239 17 3 0.00027272727272725783 0.5451818181818182
321.4863 173.39351 -1684.4342 17 3 0.00027272727272725783 0.5451818181818182
379.30048 196.04742 -1942.329 17 3 0.00027272727272725783 0.5451818181818182
398.55466 203.39137 -2028.2013 17 3 0.00027272727272725783 0.5451818181818182
417.73093 210.66293 -2114.1467 17 3 0.00027272727272725783 0.5451818181818182
437.05304 217.74738 -2200.1633 17 3 0.00027272727272725783 0.5451818181818182
456.6439 224.58519 -2286.3484 17 3 0.00027272727272725783 0.5451818181818182
476.47458 231.19351 -2372.3486 17 3 0.00027272727272725783 0.5451818181818182
41.87704 143.92714 117.88244 18 6 0.27299999999999996 0.8179090909090909
46.786076 163.96913 113.28754 18 6 0.27299999999999996 0.8179090909090909
51.448704 184.07475 108.62567 18 6 0.27299999999999996 0.8179090909090909
55.876656 204.19595 103.80722 18 6 0.27299999999999996 0.8179090909090909
60.03176 224.46689 99.34609 18 6 0.27299999999999996 0.8179090909090909
63.999233 244.56271 94.55836 18 6 0.27299999999999996 0.8179090909090909
67.67377 264.87344 89.80002 18 6 0.27299999999999996 0.8179090909090909
71.08511 285.28604 84.98103 18 6 0.27299999999999996 0.8179090909090909
74.24633 305.7448 80.64006 18 6 0.27299999999999996 0.8179090909090909
77.17407 326.17328 75.661766 18 6 0.27299999999999996 0.8179090909090909
79.83564 346.70114 71.02217 18 6 0.27299999999999996 0.8179090909090909
82.23405 367.31342 66.25889 18 6 0.27299999999999996 0.8179090909090909
84.36701 388.0181 61.659157 18 6 0.27299999999999996 0.8179090909090909
86.2655 408.6669 56.766552 18 6 0.27299999999999996 0.8179090909090909
87.934586 429.21976 52.12345 18 6 0.27299999999999996 0.8179090909090909
89.30878 449.9874 47.477142 18 6 0.27299999999999996 0.8179090909090909
91.91076 512.3132 33.17478 18 6 0.27299999999999996 0.8179090909090909
92.24227 533.2293 28.3816 18 6 0.27299999999999996 0.8179090909090909
92.31547 554.1543 23.937477 18 6 0.27299999999999996 0.8179090909090909
92.15022 574.9545 18.782574 18 6 0.27299999999999996 0.8179090909090909
91.688416 595.9817 14.108004 18 6 0.27299999999999996 0.8179090909090909
91.00814 616.72516 9.543343 18 6 0.27299999999999996 0.8179090909090909
90.01068 637.83527 4.575994 18 6 0.27299999999999996 0.8179090909090909
88.80107 658.5738 -0.22707327 18 6 0.27299999999999996 0.8179090909090909
87.27675 679.67316 -5.0477276 18 6 0.27299999999999996 0.8179090909090909
85.510445 700.58295 -9.649219 18 6 0.27299999999999996 0.8179090909090909
83.44398 721.7637 -14.429318 18 6 0.27299999999999996 0.8179090909090909
81.14299 742.65076 -19.455545 18 6 0.27299999999999996 0.8179090909090909
78.56823 763.5595 -24.118536 18 6 0.27299999999999996 0.8179090909090909
75.70086 784.6779 -29.049683 18 6 0.27299999999999996 0.8179090909090909
72.577324 805.6342 -33.7666 18 6 0.27299999999999996 0.8179090909090909
69.19256 826.43964 -38.565308 18 6 0.27299999999999996 0.8179090909090909
65.51403 847.4653 -43.499508 18 6 0.27299999999999996 0.8179090909090909
108.527115 -96.24331 -292.2009 19 5 0.18209090909090908 0.727
125.17693 -108.36647 -301.71292 19 5 0.18209090909090908 0.727
142.01854 -120.27513 -311.61905 19 5 0.18209090909090908 0.727
158.96706 -132.04268 -321.09073 19 5 0.18209090909090908 0.727
175.68916 -143.94029 -330.5492 19 5 0.18209090909090908 0.727
193.01039 -155.28845 -340.24182 19 5 0.18209090909090908 0.727
210.03366 -166.81653 -349.72748 19 5 0.18209090909090908 0.727
227.32144 -178.06879 -359.3057 19 5 0.18209090909090908 0.727
244.70012 -189.18347 -369.15094 19 5 0.18209090909090908 0.727
262.04037 -200.2577 -378.4374 19 5 0.18209090909090908 0.727
297.3501 -221.70932 -397.89395 19 5 0.18209090909090908 0.727
315.09647 -232.25446 -407.29044 19 5 0.18209090909090908 0.727
333.01642 -242.5941 -416.99078 19 5 0.18209090909090908 0.727
351.00174 -252.8068 -426.5542 19 5 0.18209090909090908 0.727
369.14838 -262.8221 -436.31433 19 5 0.18209090909090908 0.727
387.15692 -272.8513 -445.95337 19 5 0.18209090909090908 0.727
405.32617 -282.67938 -455.49063 19 5 0.18209090909090908 0.727
423.67764 -292.29178 -465.1497 19 5 0.18209090909090908 0.727
442.03845 -301.80722 -474.84003 19 5 0.18209090909090908 0.727
460.5409 -311.13324 -484.26025 19 5 0.18209090909090908 0.727
479.10526 -320.32297 -494.04962 19 5 0.18209090909090908 0.727
497.81723 -329.3178 -503.71088 19 5 0.18209090909090908 0.727
516.53406 -338.2112 -513.34625 19 5 0.18209090909090908 0.727
535.4104 -346.89993 -522.95264 19 5 0.18209090909090908 0.727
554.3304 -355.45853 -532.6353 19 5 0.18209090909090908 0.727
573.282 -363.8924 -542.3137 19 5 0.18209090909090908 0.727
592.564 -372.01163 -552.04346 19 5 0.18209090909090908 0.727
611.67456 -380.1317 -561.58496 19 5 0.18209090909090908 0.727
630.888 -388.07758 -571.2117 19 5 0.18209090909090908 0.727
650.2265 -395.83496 -580.952 19 5 0.18209090909090908 0.727
669.67847 -403.41034 -590.71783 19 5 0.18209090909090908 0.727
689.09937 -410.88928 -600.41736 19 5 0.18209090909090908 0.727
708.72375 -418.12997 -610.20123 19 5 0.18209090909090908 0.727
728.44684 -425.19476 -619.9118 19 5 0.18209090909090908 0.727
-130.44617 -72.16036 -1.1579545 20 4 0.0911818181818182 0.636090909090909
-148.51593 -81.73278 -8.693876 20 4 0.0911818181818182 0.636090909090909
-167.09753 -90.84117 -16.206032 20 4 0.0911818181818182 0.636090909090909
-185.76012 -99.72038 -24.018595 20 4 0.0911818181818182 0.636090909090909
-204.43723 -108.401474 -31.632484 20 4 0.0911818181818182 0.636090909090909
-223.34938 -116.7635 -39.377975 20 4 0.0911818181818182 0.636090909090909
-242.32996 -124.89142 -47.220448 20 4 0.0911818181818182 0.636090909090909
-261.55838 -132.6897 -54.610664 20 4 0.0911818181818182 0.636090909090909
-280.9836 -140.18353 -62.55927 20 4 0.0911818181818182 0.636090909090909
-300.27316 -147.5351 -70.09452 20 4 0.0911818181818182 0.636090909090909
-319.5942 -154.65428 -77.73955 20 4 0.0911818181818182 0.636090909090909
-339.3261 -161.35547 -85.334335 20 4 0.0911818181818182 0.636090909090909
-359.12543 -167.8033 -93.11185 20 4 0.0911818181818182 0.636090909090909
-378.81638 -174.07436 -101.00876 20 4 0.0911818181818182 0.636090909090909
-398.83957 -179.96143 -108.626175 20 4 0.0911818181818182 0.636090909090909
-418.85562 -185.61732 -116.286476 20 4 0.0911818181818182 0.636090909090909
-439.02017 -190.96858 -124.0209 20 4 0.0911818181818182 0.636090909090909
-459.35977 -196.00194 -131.686 20 4 0.0911818181818182 0.636090909090909
-479.64456 -200.81248 -139.53185 20 4 0.0911818181818182 0.636090909090909
-520.7336 -209.46306 -155.24124 20 4 0.0911818181818182 0.636090909090909
-562.0502 -216.99234 -170.65417 20 4 0.0911818181818182 0.636090909090909
-582.5868 -220.40538 -178.5801 20 4 0.0911818181818182 0.636090909090909
-603.6283 -223.35786 -186.31757 20 4 0.0911818181818182 0.636090909090909
-645.5745 -228.49478 -202.02138 20 4 0.0911818181818182 0.636090909090909
-666.5965 -230.62685 -209.96703 20 4 0.0911818181818182 0.636090909090909
-687.81537 -232.40718 -217.70088 20 4 0.0911818181818182 0.636090909090909
-709.21063 -233.84262 -225.45929 20 4 0.0911818181818182 0.636090909090909
-730.3935 -235.058 -233.52283 20 4 0.0911818181818182 0.636090909090909
-751.7586 -235.91985 -241.5466 20 4 0.0911818181818182 0.636090909090909
-773.1198 -236.48505 -249.49638 20 4 0.0911818181818182 0.636090909090909
-794.70105 -236.6824 -257.44812 20 4 0.0911818181818182 0.636090909090909
-816.2439 -236.58786 -265.41077 20 4 0.0911818181818182 0.636090909090909
113.899635 -85.40015 57.887432 21 6 0.27299999999999996 0.8179090909090909
129.5316 -98.74857 44.622585 21 6 0.27299999999999996 0.8179090909090909
145.1233 -112.16847 31.505232 21 6 0.27299999999999996 0.8179090909090909
160.8412 -125.52761 17.911724 21 6 0.27299999999999996 0.8179090909090909
176.40132 -139.04373 4.874156 21 6 0.27299999999999996 0.8179090909090909
191.80618 -152.71587 -8.426208 21 6 0.27299999999999996 0.8179090909090909
207.1133 -166.49857 -21.553759 21 6 0.27299999999999996 0.8179090909090909
222.4611 -180.279 -34.756313 21 6 0.27299999999999996 0.8179090909090909
252.69359 -208.30164 -61.343773 21 6 0.27299999999999996 0.8179090909090909
267.6139 -222.51532 -74.70342 21 6 0.27299999999999996 0.8179090909090909
282.643 -236.66327 -87.89803 21 6 0.27299999999999996 0.8179090909090909
297.4746 -250.99944 -100.9748 21 6 0.27299999999999996 0.8179090909090909
312.0816 -265.54816 -114.318954 21 6 0.27299999999999996 0.8179090909090909
326.71127 -280.09915 -127.59854 21 6 0.27299999999999996 0.8179090909090909
355.7309 -309.46362 -154.11945 21 6 0.27299999999999996 0.8179090909090909
369.94437 -324.4296 -167.40964 21 6 0.27299999999999996 0.8179090909090909
384.23465 -339.34406 -180.58185 21 6 0.27299999999999996 0.8179090909090909
398.45636 -354.33218 -193.9354 21 6 0.27299999999999996 0.8179090909090909
426.47083 -384.72528 -220.49341 21 6 0.27299999999999996 0.8179090909090909
440.3635 -400.03964 -233.7793 21 6 0.27299999999999996 0.8179090909090909
454.17337 -415.43674 -246.99782 21 6 0.27299999999999996 0.8179090909090909
467.88712 -430.9277 -260.21494 21 6 0.27299999999999996 0.8179090909090909
481.53964 -446.47934 -273.688 21 6 0.27299999999999996 0.8179090909090909
494.7925 -462.40607 -286.76212 21 6 0.27299999999999996 0.8179090909090909
508.36395 -478.03745 -299.9874 21 6 0.27299999999999996 0.8179090909090909
521.66046 -493.9265 -313.45798 21 6 0.27299999999999996 0.8179090909090909
534.8921 -509.87546 -326.83694 21 6 0.27299999999999996 0.8179090909090909
547.9956 -525.9434 -340.29962 21 6 0.27299999999999996 0.8179090909090909
560.94165 -542.15845 -353.50302 21 6 0.27299999999999996 0.8179090909090909
586.7162 -574.6827 -380.26245 21 6 0.27299999999999996 0.8179090909090909
599.4806 -591.05084 -393.49472 21 6 0.27299999999999996 0.8179090909090909
45.28085 -116.52544 -221.53049 22 0 0.0 0.27245454545454545
54.87101 -134.69461 -249.13618 22 0 0.0 0.27245454545454545
64.536644 -152.93182 -276.88748 22 0 0.0 0.27245454545454545
74.37378 -171.00172 -304.61838 22 0 0.0 0.27245454545454545
84.30348 -189.08824 -332.07626 22 0 0.0 0.27245454545454545
94.351166 -207.12834 -359.95602 22 0 0.0 0.27245454545454545
104.58224 -224.97894 -387.5025 22 0 0.0 0.27245454545454545
114.96872 -242.70445 -415.46597 22 0 0.0 0.27245454545454545
125.38099 -260.57535 -442.9925 22 0 0.0 0.27245454545454545
135.99176 -278.22668 -470.8499 22 0 0.0 0.27245454545454545
146.67686 -295.91406 -498.52728 22 0 0.0 0.27245454545454545
157.53032 -313.44464 -526.45526 22 0 0.0 0.27245454545454545
168.49168 -330.93912 -554.0458 22 0 0.0 0.27245454545454545
179.67772 -348.16833 -581.72894 22 0 0.0 0.27245454545454545
190.85643 -365.5822 -609.44824 22 0 0.0 0.27245454545454545
202.15938 -382.92114 -637.1972 22 0 0.0 0.27245454545454545
213.6811 -400.00687 -665.2126 22 0 0.0 0.27245454545454545
225.30136 -417.0666 -692.68695 22 0 0.0 0.27245454545454545
237.01859 -434.10007 -720.6623 22 0 0.0 0.27245454545454545
248.87892 -451.0208 -748.53937 22 0 0.0 0.27245454545454545
260.89453 -467.80667 -776.23346 22 0 0.0 0.27245454545454545
272.98514 -484.60062 -803.99036 22 0 0.0 0.27245454545454545
285.2032 -501.30643 -831.91583 22 0 0.0 0.27245454545454545
297.54553 -517.9285 -859.7499 22 0 0.0 0.27245454545454545
309.926 -534.6143 -887.52985 22 0 0.0 0.27245454545454545
322.5916 -550.9364 -915.3751 22 0 0.0 0.27245454545454545
335.4174 -567.11285 -943.2511 22 0 0.0 0.27245454545454545
348.08926 -583.67053 -970.99 22 0 0.0 0.27245454545454545
361.24908 -599.5293 -999.07544 22 0 0.0 0.27245454545454545
374.1968 -615.85675 -1026.8007 22 0 0.0 0.27245454545454545
387.3997 -631.87445 -1054.9666 22 0 0.0 0.27245454545454545
400.70398 -647.83575 -1082.9288 22 0 0.0 0.27245454545454545
414.0641 -663.8116 -1110.7078 22 0 0.0 0.27245454545454545
427.73578 -679.3916 -1138.6139 22 0 0.0 0.27245454545454545
441.33066 -695.19415 -1166.7023 22 0 0.0 0.27245454545454545
127.30453 -16.769917 -153.3517 23 3 0.00027272727272725783 0.5451818181818182
146.91597 -23.345585 -148.47467 23 3 0.00027272727272725783 0.5451818181818182
166.43695 -30.328503 -143.76776 23 3 0.00027272727272725783 0.5451818181818182
185.59624 -37.76933 -139.2722 23 3 0.00027272727272725783 0.5451818181818182
204.65091 -45.621624 -134.66261 23 3 0.00027272727272725783 0.5451818181818182
223.73064 -53.84877 -130.11903 23 3 0.00027272727272725783 0.5451818181818182
242.53851 -62.51512 -125.366066 23 3 0.00027272727272725783 0.5451818181818182
261.3385 -71.551186 -120.98836 23 3 0.00027272727272725783 0.5451818181818182
280.1214 -80.94904 -116.197464 23 3 0.00027272727272725783 0.5451818181818182
298.25006 -90.892624 -111.65162 23 3 0.00027272727272725783 0.5451818181818182
316.51874 -101.14622 -106.93926 23 3 0.00027272727272725783 0.5451818181818182
334.4914 -111.837555 -102.329384 23 3 0.00027272727272725783 0.5451818181818182
352.21664 -122.95051 -97.65854 23 3 0.00027272727272725783 0.5451818181818182
369.8105 -134.44116 -93.17213 23 3 0.00027272727272725783 0.5451818181818182
387.08408 -146.3736 -88.49802 23 3 0.00027272727272725783 0.5451818181818182
404.39465 -158.60806 -83.74988 23 3 0.00027272727272725783 0.5451818181818182
421.46716 -171.24095 -79.12731 23 3 0.00027272727272725783 0.5451818181818182
438.04327 -184.37695 -74.35632 23 3 0.00027272727272725783 0.5451818181818182
454.41782 -197.8942 -69.7514 23 3 0.00027272727272725783 0.5451818181818182
470.68002 -211.74585 -64.95349 23 3 0.00027272727272725783 0.5451818181818182
486.61343 -226.02133 -60.11174 23 3 0.00027272727272725783 0.5451818181818182
502.23352 -240.711 -55.396187 23 3 0.00027272727272725783 0.5451818181818182
517.79443 -255.68584 -50.782673 23 3 0.00027272727272725783 0.5451818181818182
547.583 -287.03442 -41.05118 23 3 0.00027272727272725783 0.5451818181818182
562.1397 -303.2327 -36.311356 23 3 0.00027272727272725783 0.5451818181818182
576.3804 -319.81787 -31.377338 23 3 0.00027272727272725783 0.5451818181818182
590.2125 -336.83618 -26.541462 23 3 0.00027272727272725783 0.5451818181818182
604.0191 -354.0604 -21.7459 23 3 0.00027272727272725783 0.5451818181818182
617.223 -371.81635 -16.828964 23 3 0.00027272727272725783 0.5451818181818182
629.9732 -390.01712 -11.913684 23 3 0.00027272727272725783 0.5451818181818182
642.6637 -408.40967 -7.211384 23 3 0.00027272727272725783 0.5451818181818182
654.7487 -427.32687 -2.0087965 23 3 0.00027272727272725783 0.5451818181818182
666.61597 -446.5125 3.1350276 23 3 0.00027272727272725783 0.5451818181818182
678.1192 -466.04974 8.037259 23 3 0.00027272727272725783 0.5451818181818182
-136.84604 -51.72596 62.885002 24 10 0.6366363636363637 1.0
-155.84796 -59.896645 48.48026 24 10 0.6366363636363637 1.0
-174.66696 -68.35269 34.39751 24 10 0.6366363636363637 1.0
-193.37314 -77.0659 20.119738 24 10 0.6366363636363637 1.0
-211.965 -86.03506 5.8739343 24 10 0.6366363636363637 1.0
-230.4362 -95.26092 -8.5901985 24 10 0.6366363636363637 1.0
-248.64288 -104.80228 -22.591497 24 10 0.6366363636363637 1.0
-267.16492 -114.41193 -36.93779 24 10 0.6366363636363637 1.0
-285.2147 -124.42161 -51.1491 24 10 0.6366363636363637 1.0
-303.11505 -134.69397 -65.472404 24 10 0.6366363636363637 1.0
-320.97723 -145.17728 -79.74133 24 10 0.6366363636363637 1.0
-338.67386 -155.92592 -94.37723 24 10 0.6366363636363637 1.0
-356.23724 -166.92352 -108.56363 24 10 0.6366363636363637 1.0
-373.93478 -178.0406 -123.09149 24 10 0.6366363636363637 1.0
-391.32187 -189.48375 -137.03667 24 10 0.6366363636363637 1.0
-408.23065 -201.33772 -151.53195 24 10 0.6366363636363637 1.0
-425.34644 -213.26521 -165.95555 24 10 0.6366363636363637 1.0
-442.40204 -225.39131 -180.26057 24 10 0.6366363636363637 1.0
-459.17166 -237.82846 -194.81078 24 10 0.6366363636363637 1.0
-475.63406 -250.58899 -209.2604 24 10 0.6366363636363637 1.0
-508.49652 -276.61905 -238.14482 24 10 0.6366363636363637 1.0
-524.5053 -290.09286 -252.80093 24 10 0.6366363636363637 1.0
-540.41473 -303.77112 -267.1786 24 10 0.6366363636363637 1.0
-572.02893 -331.66962 -296.19858 24 10 0.6366363636363637 1.0
-587.4905 -346.0223 -310.65784 24 10 0.6366363636363637 1.0
-602.78046 -360.60742 -325.36465 24 10 0.6366363636363637 1.0
-617.9087 -375.41608 -340.0409 24 10 0.6366363636363637 1.0
-632.8396 -390.46692 -354.51044 24 10 0.6366363636363637 1.0
-647.5874 -405.74872 -369.12518 24 10 0.6366363636363637 1.0
-662.21454 -421.2187 -383.9817 24 10 0.6366363636363637 1.0
-676.57263 -436.96786 -398.65274 24 10 0.6366363636363637 1.0
-690.776 -452.92044 -413.28378 24 10 0.6366363636363637 1.0
-704.7202 -469.14172 -428.33005 24 10 0.6366363636363637 1.0
134.50662 1.9723148 -137.4529 25 1 0.0 0.36336363636363633
155.146 1.5295671 -126.33037 25 1 0.0 0.36336363636363633
175.7749 0.9498971 -115.31835 25 1 0.0 0.36336363636363633
196.39084 0.23313995 -104.18583 25 1 0.0 0.36336363636363633
217.0582 -0.6206847 -92.88875 25 1 0.0 0.36336363636363633
237.39293 -1.6135668 -81.48855 25 1 0.0 0.36336363636363633
278.75864 -4.0072308 -59.375942 25 1 0.0 0.36336363636363633
299.05377 -5.415984 -47.935795 25 1 0.0 0.36336363636363633
319.73538 -6.955714 -36.822994 25 1 0.0 0.36336363636363633
340.37473 -8.633003 -25.737164 25 1 0.0 0.36336363636363633
360.6975 -10.456189 -14.357456 25 1 0.0 0.36336363636363633
381.19815 -12.41249 -3.2255735 25 1 0.0 0.36336363636363633
401.85974 -14.500516 7.7022357 25 1 0.0 0.36336363636363633
422.4515 -16.727596 18.983252 25 1 0.0 0.36336363636363633
442.62943 -19.109194 30.427372 25 1 0.0 0.36336363636363633
463.49167 -21.598333 41.723145 25 1 0.0 0.36336363636363633
483.82233 -24.248638 52.89792 25 1 0.0 0.36336363636363633
504.28812 -27.029799 64.10053 25 1 0.0 0.36336363636363633
524.68463 -29.95191 75.22904 25 1 0.0 0.36336363636363633
545.17224 -33.00583 86.337685 25 1 0.0 0.36336363636363633
565.5933 -36.20052 97.48715 25 1 0.0 0.36336363636363633
585.946 -39.53662 109.01198 25 1 0.0 0.36336363636363633
606.47577 -42.997242 120.13296 25 1 0.0 0.36336363636363633
626.98303 -46.595192 131.43214 25 1 0.0 0.36336363636363633
647.3674 -50.33831 142.55586 25 1 0.0 0.36336363636363633
667.5358 -54.2352 153.73566 25 1 0.0 0.36336363636363633
687.6039 -58.27808 165.13785 25 1 0.0 0.36336363636363633
708.14996 -62.416767 176.23277 25 1 0.0 0.36336363636363633
728.24664 -66.73102 187.63756 25 1 0.0 0.36336363636363633
748.5217 -71.16555 199.01228 25 1 0.0 0.36336363636363633
768.9463 -75.7211 210.17462 25 1 0.0 0.36336363636363633
789.19824 -80.42867 221.39014 25 1 0.0 0.36336363636363633
809.47473 -85.26899 232.74562 25 1 0.0 0.36336363636363633
829.47986 -90.273705 243.97769 25 1 0.0 0.36336363636363633
79.15534 105.41356 -117.53097 26 11 0.7275454545454545 1.0
93.13276 120.52719 -114.73683 26 11 0.7275454545454545 1.0
107.257065 135.48286 -112.03507 26 11 0.7275454545454545 1.0
121.21589 150.67229 -109.26343 26 11 0.7275454545454545 1.0
135.6335 165.31734 -106.41364 26 11 0.7275454545454545 1.0
149.77005 180.32924 -103.74659 26 11 0.7275454545454545 1.0
164.0268 195.21281 -100.915245 26 11 0.7275454545454545 1.0
178.54771 209.80077 -98.49276 26 11 0.7275454545454545 1.0
192.95045 224.54462 -95.38863 26 11 0.7275454545454545 1.0
207.63808 238.97266 -92.76523 26 11 0.7275454545454545 1.0
222.18657 253.57515 -90.06749 26 11 0.7275454545454545 1.0
236.99841 267.88962 -87.46491 26 11 0.7275454545454545 1.0
251.59851 282.4541 -84.62738 26 11 0.7275454545454545 1.0
266.5284 296.6574 -81.96616 26 11 0.7275454545454545 1.0
281.3131 311.03058 -79.06458 26 11 0.7275454545454545 1.0
296.49884 324.96863 -76.42641 26 11 0.7275454545454545 1.0
311.47858 339.1398 -73.55154 26 11 0.7275454545454545 1.0
326.5684 353.19537 -70.98449 26 11 0.7275454545454545 1.0
341.85812 367.03915 -68.02002 26 11 0.7275454545454545 1.0
357.07816 380.96112 -65.31427 26 11 0.7275454545454545 1.0
372.41986 394.75485 -62.611492 26 11 0.7275454545454545 1.0
387.83667 408.4699 -60.025784 26 11 0.7275454545454545 1.0
403.19186 422.24902 -57.218494 26 11 0.7275454545454545 1.0
434.382 449.29987 -51.641754 26 11 0.7275454545454545 1.0
450.1566 462.636 -48.978115 26 11 0.7275454545454545 1.0
481.6332 489.36996 -43.439316 26 11 0.7275454545454545 1.0
497.6659 502.42953 -40.617027 26 11 0.7275454545454545 1.0
513.5632 515.6193 -37.655895 26 11 0.7275454545454545 1.0
529.67584 528.5852 -35.304173 26 11 0.7275454545454545 1.0
545.6431 541.68726 -32.61452 26 11 0.7275454545454545 1.0
561.83453 554.5565 -29.75933 26 11 0.7275454545454545 1.0
578.1268 567.31616 -26.969814 26 11 0.7275454545454545 1.0
594.3907 580.09235 -24.163166 26 11 0.7275454545454545 1.0
91.36252 -114.58021 -137.80664 27 5 0.18209090909090908 0.727
104.68759 -130.3123 -124.64718 27 5 0.18209090909090908 0.727
118.02902 -145.99495 -111.24598 27 5 0.18209090909090908 0.727
131.3489 -161.67625 -98.1528 27 5 0.18209090909090908 0.727
144.5039 -177.53207 -85.17768 27 5 0.18209090909090908 0.727
157.61134 -193.41724 -71.785286 27 5 0.18209090909090908 0.727
183.58684 -225.39207 -45.27967 27 5 0.18209090909090908 0.727
196.52534 -241.39403 -32.03999 27 5 0.18209090909090908 0.727
209.25009 -257.62726 -18.750067 27 5 0.18209090909090908 0.727
221.80771 -274.03455 -5.2568517 27 5 0.18209090909090908 0.727
234.64886 -290.05896 7.7765512 27 5 0.18209090909090908 0.727
247.1593 -306.45804 20.926073 27 5 0.18209090909090908 0.727
259.5993 -322.9101 34.21132 27 5 0.18209090909090908 0.727
271.9557 -339.43088 47.636223 27 5 0.18209090909090908 0.727
284.34653 -355.8722 60.78878 27 5 0.18209090909090908 0.727
296.47797 -372.6009 74.13468 27 5 0.18209090909090908 0.727
308.7031 -389.1739 87.57265 27 5 0.18209090909090908 0.727
320.79407 -405.87634 100.73911 27 5 0.18209090909090908 0.727
332.7979 -422.64868 114.057175 27 5 0.18209090909090908 0.727
344.74478 -439.452 127.238495 27 5 0.18209090909090908 0.727
356.63187 -456.28888 140.60106 27 5 0.18209090909090908 0.727
368.42838 -473.198 153.7797 27 5 0.18209090909090908 0.727
380.03784 -490.30325 166.9344 27 5 0.18209090909090908 0.727
391.48096 -507.57904 180.40097 27 5 0.18209090909090908 0.727
403.20404 -524.4453 193.73885 27 5 0.18209090909090908 0.727
414.5317 -541.77814 207.1252 27 5 0.18209090909090908 0.727
425.9223 -558.98047 220.3277 27 5 0.18209090909090908 0.727
437.16675 -576.3249 233.53233 27 5 0.18209090909090908 0.727
448.36472 -593.6799 246.86488 27 5 0.18209090909090908 0.727
459.40726 -611.189 260.404 27 5 0.18209090909090908 0.727
470.4893 -628.5927 273.24313 27 5 0.18209090909090908 0.727
481.3615 -646.22253 286.62906 27 5 0.18209090909090908 0.727
492.12918 -663.93835 300.01312 27 5 0.18209090909090908 0.727
502.9281 -681.55597 313.58362 27 5 0.18209090909090908 0.727
145.12064 36.157127 240.46355 28 9 0.5457272727272728 1.0
164.59232 43.040928 283.15372 28 9 0.5457272727272728 1.0
184.18483 50.433662 326.02292 28 9 0.5457272727272728 1.0
203.14825 58.53341 368.86322 28 9 0.5457272727272728 1.0
222.04198 67.18338 411.96252 28 9 0.5457272727272728 1.0
240.83589 76.38109 454.91104 28 9 0.5457272727272728 1.0
259.4139 86.15314 498.29315 28 9 0.5457272727272728 1.0
277.5651 96.565056 541.5405 28 9 0.5457272727272728 1.0
295.78522 107.43772 584.83673 28 9 0.5457272727272728 1.0
313.21344 119.07452 628.5715 28 9 0.5457272727272728 1.0
330.69345 131.15823 672.3562 28 9 0.5457272727272728 1.0
347.78622 143.84476 716.2473 28 9 0.5457272727272728 1.0
364.52127 157.11656 760.4848 28 9 0.5457272727272728 1.0
380.79745 171.01146 804.65393 28 9 0.5457272727272728 1.0
397.229 185.2395 849.35626 28 9 0.5457272727272728 1.0
412.86954 200.22122 894.1479 28 9 0.5457272727272728 1.0
428.1485 215.75243 939.03546 28 9 0.5457272727272728 1.0
443.01425 231.84692 984.3734 28 9 0.5457272727272728 1.0
457.18594 248.64531 1029.7999 28 9 0.5457272727272728 1.0
471.40222 265.73462 1075.72 28 9 0.5457272727272728 1.0
484.95465 283.48483 1121.9386 28 9 0.5457272727272728 1.0
497.9455 301.8317 1168.1265 28 9 0.5457272727272728 1.0
510.68124 320.5721 1215.1552 28 9 0.5457272727272728 1.0
522.51196 340.0952 1262.175 28 9 0.5457272727272728 1.0
534.20557 359.8917 1309.7405 28 9 0.5457272727272728 1.0
544.9393 380.48724 1357.378 28 9 0.5457272727272728 1.0
555.3282 401.44482 1405.9242 28 9 0.5457272727272728 1.0
565.0601 422.95697 1454.6488 28 9 0.5457272727272728 1.0
574.0227 445.0892 1503.9185 28 9 0.5457272727272728 1.0
582.42865 467.6546 1553.767 28 9 0.5457272727272728 1.0
589.9182 490.9141 1603.8809 28 9 0.5457272727272728 1.0
596.9596 514.452 1654.9298 28 9 0.5457272727272728 1.0
603.13184 538.58435 1706.3118 28 9 0.5457272727272728 1.0
608.2976 563.4107 1758.3375 28 9 0.5457272727272728 1.0
612.7279 588.6511 1811.2183 28 9 0.5457272727272728 1.0
126.92845 43.61105 -79.29031 29 5 0.18209090909090908 0.727
146.04817 51.20069 -57.473545 29 5 0.18209090909090908 0.727
165.30688 58.63896 -35.421608 29 5 0.18209090909090908 0.727
184.46596 66.0099 -13.482086 29 5 0.18209090909090908 0.727
203.61798 73.28064 8.562378 29 5 0.18209090909090908 0.727
223.18268 80.29937 30.566725 29 5 0.18209090909090908 0.727
242.28941 87.37897 52.442368 29 5 0.18209090909090908 0.727
261.83926 94.19446 74.336876 29 5 0.18209090909090908 0.727
281.13367 100.99675 96.460846 29 5 0.18209090909090908 0.727
300.86835 107.53568 118.236305 29 5 0.18209090909090908 0.727
320.41254 114.03699 140.09898 29 5 0.18209090909090908 0.727
339.97263 120.426025 162.31833 29 5 0.18209090909090908 0.727
359.72873 126.63877 184.2469 29 5 0.18209090909090908 0.727
379.43237 132.76266 206.32874 29 5 0.18209090909090908 0.727
399.22598 138.74715 228.10506 29 5 0.18209090909090908 0.727
418.5862 144.77286 250.01166 29 5 0.18209090909090908 0.727
438.6016 150.46262 272.16055 29 5 0.18209090909090908 0.727
458.50558 156.08144 294.16266 29 5 0.18209090909090908 0.727
478.4754 161.5679 316.27426 29 5 0.18209090909090908 0.727
498.35803 166.97305 338.1075 29 5 0.18209090909090908 0.727
518.44836 172.19742 360.21136 29 5 0.18209090909090908 0.727
538.4664 177.33424 382.23013 29 5 0.18209090909090908 0.727
558.4833 182.35889 404.06607 29 5 0.18209090909090908 0.727
578.7239 187.19783 426.19556 29 5 0.18209090909090908 0.727
598.525 192.06497 447.96335 29 5 0.18209090909090908 0.727
618.81934 196.6593 470.04956 29 5 0.18209090909090908 0.727
639.08844 201.1476 492.33878 29 5 0.18209090909090908 0.727
679.5007 209.8179 536.3269 29 5 0.18209090909090908 0.727
699.911 213.91594 558.5908 29 5 0.18209090909090908 0.727
720.2082 217.93202 580.56506 29 5 0.18209090909090908 0.727
740.59393 221.80397 602.5699 29 5 0.18209090909090908 0.727
761.07336 225.53035 624.77844 29 5 0.18209090909090908 0.727
781.26794 229.22234 646.94226 29 5 0.18209090909090908 0.727
801.841 232.68407 668.96594 29 5 0.18209090909090908 0.727
44.522633 133.6652 -273.81052 30 1 0.0 0.36336363636363633
49.91178 153.38611 -282.43573 30 1 0.0 0.36336363636363633
54.510185 173.895 -291.01343 30 1 0.0 0.36336363636363633
65.000015 235.36217 -316.77045 30 1 0.0 0.36336363636363633
67.245926 256.18573 -325.6778 30 1 0.0 0.36336363636363633
68.86399 277.12497 -334.27826 30 1 0.0 0.36336363636363633
69.82421 298.26355 -342.82953 30 1 0.0 0.36336363636363633
70.169266 319.37927 -351.8728 30 1 0.0 0.36336363636363633
69.86658 340.55685 -360.64688 30 1 0.0 0.36336363636363633
67.27606 383.09183 -378.33237 30 1 0.0 0.36336363636363633
64.93105 404.6805 -387.22525 30 1 0.0 0.36336363636363633
61.96424 425.92633 -396.24493 30 1 0.0 0.36336363636363633
58.280857 447.35272 -405.38638 30 1 0.0 0.36336363636363633
53.879967 468.94913 -414.45773 30 1 0.0 0.36336363636363633
48.81242 490.1866 -423.5564 30 1 0.0 0.36336363636363633
43.033997 511.28732 -432.4362 30 1 0.0 0.36336363636363633
36.505188 532.61444 -441.7649 30 1 0.0 0.36336363636363633
29.238998 553.9822 -450.96494 30 1 0.0 0.36336363636363633
21.249578 574.8817 -460.36063 30 1 0.0 0.36336363636363633
12.493445 596.04724 -469.72928 30 1 0.0 0.36336363636363633
2.9808676 616.9982 -479.27567 30 1 0.0 0.36336363636363633
-7.3060403 637.4195 -488.76932 30 1 0.0 0.36336363636363633
-18.372805 658.1511 -498.5276 30 1 0.0 0.36336363636363633
-30.24244 678.3727 -508.0121 30 1 0.0 0.36336363636363633
-42.92236 698.3918 -518.1077 30 1 0.0 0.36336363636363633
-56.41249 718.3347 -527.98755 30 1 0.0 0.36336363636363633
-70.75214 737.8132 -538.06433 30 1 0.0 0.36336363636363633
-85.92834 757.1267 -548.11975 30 1 0.0 0.36336363636363633
-101.9996 775.8599 -558.508 30 1 0.0 0.36336363636363633
-118.91085 794.54736 -568.79285 30 1 0.0 0.36336363636363633
-136.75827 812.58167 -579.2653 30 1 0.0 0.36336363636363633
-128.29462 -17.620047 -39.76731 31 9 0.5457272727272728 1.0
-148.6729 -20.470865 -38.460297 31 9 0.5457272727272728 1.0
-168.8878 -23.207228 -37.380386 31 9 0.5457272727272728 1.0
-189.40028 -25.765461 -36.151245 31 9 0.5457272727272728 1.0
-209.85928 -28.1936 -35.091007 31 9 0.5457272727272728 1.0
-230.43484 -30.468565 -33.880928 31 9 0.5457272727272728 1.0
-250.90181 -32.62007 -32.59037 31 9 0.5457272727272728 1.0
-271.41846 -34.62682 -31.367813 31 9 0.5457272727272728 1.0
-291.7923 -36.512894 -30.348434 31 9 0.5457272727272728 1.0
-312.55 -38.212345 -29.06947 31 9 0.5457272727272728 1.0
-332.92618 -39.819485 -27.728577 31 9 0.5457272727272728 1.0
-353.68265 -41.241844 -26.66431 31 9 0.5457272727272728 1.0
-374.20255 -42.552547 -25.28507 31 9 0.5457272727272728 1.0
-394.59464 -43.73712 -24.260206 31 9 0.5457272727272728 1.0
-415.39078 -44.736763 -23.032404 31 9 0.5457272727272728 1.0
-435.9774 -45.61906 -21.806568 31 9 0.5457272727272728 1.0
-456.79443 -46.33709 -20.761284 31 9 0.5457272727272728 1.0
-477.4187 -46.934334 -19.525751 31 9 0.5457272727272728 1.0
-497.8866 -47.40521 -18.489864 31 9 0.5457272727272728 1.0
-518.4778 -47.722187 -17.04071 31 9 0.5457272727272728 1.0
-539.1393 -47.890865 -15.968303 31 9 0.5457272727272728 1.0
-559.9088 -47.90841 -14.698814 31 9 0.5457272727272728 1.0
-580.6107 -47.790066 -13.450395 31 9 0.5457272727272728 1.0
-601.4065 -47.522156 -12.083543 31 9 0.5457272727272728 1.0
-622.01086 -47.126953 -11.05764 31 9 0.5457272727272728 1.0
-642.79254 -46.575607 -10.0309 31 9 0.5457272727272728 1.0
-663.35095 -45.897358 -8.737424 31 9 0.5457272727272728 1.0
-684.0363 -45.066685 -7.462519 31 9 0.5457272727272728 1.0
-704.6886 -44.094654 -6.271024 31 9 0.5457272727272728 1.0
-725.63824 -42.961155 -5.210547 31 9 0.5457272727272728 1.0
-746.24384 -41.704807 -4.123323 31 9 0.5457272727272728 1.0
-767.04724 -40.293518 -2.9645646 31 9 0.5457272727272728 1.0
-787.63745 -38.749302 -1.7433805 31 9 0.5457272727272728 1.0
-808.43646 -37.05051 -0.4031667 31 9 0.5457272727272728 1.0
-829.1429 -35.211895 0.90914935 31 9 0.5457272727272728 1.0
-100.59682 -99.27693 -35.324512 32 8 0.45481818181818184 0.9997272727272728
-113.521736 -115.6061 -34.0481 32 8 0.45481818181818184 0.9997272727272728
-125.77115 -132.53856 -33.068024 32 8 0.45481818181818184 0.9997272727272728
-137.22177 -150.171 -31.656654 32 8 0.45481818181818184 0.9997272727272728
-158.37053 -186.66644 -29.192799 32 8 0.45481818181818184 0.9997272727272728
-167.80351 -205.73027 -28.159782 32 8 0.45481818181818184 0.9997272727272728
-176.27779 -225.52995 -26.943787 32 8 0.45481818181818184 0.9997272727272728
-184.21117 -245.48715 -25.730318 32 8 0.45481818181818184 0.9997272727272728
-191.29005 -265.94 -24.529274 32 8 0.45481818181818184 0.9997272727272728
-197.35503 -287.06616 -23.282354 32 8 0.45481818181818184 0.9997272727272728
-202.677 -308.4225 -21.862707 32 8 0.45481818181818184 0.9997272727272728
-210.55374 -352.32462 -19.423761 32 8 0.45481818181818184 0.9997272727272728
-213.05179 -374.81464 -18.212734 32 8 0.45481818181818184 0.9997272727272728
-214.46541 -397.7779 -16.797174 32 8 0.45481818181818184 0.9997272727272728
-214.88403 -420.96658 -15.302308 32 8 0.45481818181818184 0.9997272727272728
-214.16357 -444.55826 -14.117297 32 8 0.45481818181818184 0.9997272727272728
-212.44081 -468.1555 -12.701529 32 8 0.45481818181818184 0.9997272727272728
-209.4826 -492.12347 -11.303698 32 8 0.45481818181818184 0.9997272727272728
-205.26953 -516.39154 -9.887571 32 8 0.45481818181818184 0.9997272727272728
-199.84586 -540.6921 -8.509786 32 8 0.45481818181818184 0.9997272727272728
-193.16537 -564.9309 -6.9797297 32 8 0.45481818181818184 0.9997272727272728
-185.03987 -589.42615 -5.6161604 32 8 0.45481818181818184 0.9997272727272728
-175.46964 -613.9528 -4.039722 32 8 0.45481818181818184 0.9997272727272728
-151.73233 -662.7249 -1.1357735 32 8 0.45481818181818184 0.9997272727272728
-137.31569 -687.1834 0.69720393 32 8 0.45481818181818184 0.9997272727272728
-121.12694 -711.3507 2.269298 32 8 0.45481818181818184 0.9997272727272728
-103.03337 -735.1863 4.112686 32 8 0.45481818181818184 0.9997272727272728
-82.89749 -758.54645 5.775167 32 8 0.45481818181818184 0.9997272727272728
-60.53792 -781.43207 7.526881 32 8 0.45481818181818184 0.9997272727272728
-35.756203 -803.7915 9.501316 32 8 0.45481818181818184 0.9997272727272728
-8.323732 -825.3117 11.478425 32 8 0.45481818181818184 0.9997272727272728
22.063692 -845.8617 13.672692 32 8 0.45481818181818184 0.9997272727272728
-89.87926 96.661194 -56.397697 33 5 0.18209090909090908 0.727
-104.41241 111.34923 -31.32068 33 5 0.18209090909090908 0.727
-119.4092 125.59361 -5.536339 33 5 0.18209090909090908 0.727
-134.65485 139.60977 19.888557 33 5 0.18209090909090908 0.727
-150.26471 153.26312 45.25202 33 5 0.18209090909090908 0.727
-166.21721 166.564 70.69543 33 5 0.18209090909090908 0.727
-182.45926 179.55258 96.19999 33 5 0.18209090909090908 0.727
-199.06195 192.14539 121.92072 33 5 0.18209090909090908 0.727
-216.04726 204.31108 147.6516 33 5 0.18209090909090908 0.727
-233.2687 216.17647 173.33054 33 5 0.18209090909090908 0.727
-250.8751 227.58934 199.06256 33 5 0.18209090909090908 0.727
-268.72003 238.6715 224.8358 33 5 0.18209090909090908 0.727
-286.87006 249.34859 250.63216 33 5 0.18209090909090908 0.727
-305.34726 259.5895 276.72626 33 5 0.18209090909090908 0.727
-324.30728 269.25406 302.54266 33 5 0.18209090909090908 0.727
-343.2106 278.77853 328.91373 33 5 0.18209090909090908 0.727
-362.5556 287.73553 355.02115 33 5 0.18209090909090908 0.727
-382.1921 296.23758 381.56207 33 5 0.18209090909090908 0.727
-402.10822 304.28165 407.66312 33 5 0.18209090909090908 0.727
-422.2069 311.92703 433.92252 33 5 0.18209090909090908 0.727
-442.8526 318.89355 460.5743 33 5 0.18209090909090908 0.727
-463.34933 325.67252 487.09537 33 5 0.18209090909090908 0.727
-484.23428 331.86118 514.26965 33 5 0.18209090909090908 0.727
-505.61542 337.38144 541.0876 33 5 0.18209090909090908 0.727
-526.78577 342.69266 567.9645 33 5 0.18209090909090908 0.727
-548.3638 347.3664 595.1237 33 5 0.18209090909090908 0.727
-570.37286 351.3833 622.4582 33 5 0.18209090909090908 0.727
-592.3937 354.99112 649.94025 33 5 0.18209090909090908 0.727
-614.62427 358.04965 677.4874 33 5 0.18209090909090908 0.727
-637.14526 360.4985 705.26953 33 5 0.18209090909090908 0.727
-659.7188 362.45776 733.3099 33 5 0.18209090909090908 0.727
-682.69727 363.7173 761.31177 33 5 0.18209090909090908 0.727
-705.6662 364.48615 789.3768 33 5 0.18209090909090908 0.727
-728.5758 364.76404 818.0385 33 5 0.18209090909090908 0.727
-752.0755 364.20883 846.68634 33 5 0.18209090909090908 0.727
-106.95567 -91.88873 -68.66526 34 8 0.45481818181818184 0.9997272727272728
-122.59054 -105.23243 -72.03353 34 8 0.45481818181818184 0.9997272727272728
-138.3146 -118.523575 -75.75822 34 8 0.45481818181818184 0.9997272727272728
-154.03995 -131.8378 -79.39488 34 8 0.45481818181818184 0.9997272727272728
-169.80457 -145.14197 -82.90059 34 8 0.45481818181818184 0.9997272727272728
-185.26799 -158.72687 -86.42002 34 8 0.45481818181818184 0.9997272727272728
-200.61064 -172.43796 -90.13609 34 8 0.45481818181818184 0.9997272727272728
-216.14659 -186.00467 -93.712814 34 8 0.45481818181818184 0.9997272727272728
-231.39417 -199.8406 -97.36151 34 8 0.45481818181818184 0.9997272727272728
-246.58864 -213.7431 -100.893456 34 8 0.45481818181818184 0.9997272727272728
-261.8907 -227.57182 -104.43862 34 8 0.45481818181818184 0.9997272727272728
-276.91843 -241.65775 -108.09778 34 8 0.45481818181818184 0.9997272727272728
-292.04678 -255.67395 -111.60079 34 8 0.45481818181818184 0.9997272727272728
-321.9437 -284.07196 -118.81857 34 8 0.45481818181818184 0.9997272727272728
-336.75934 -298.41193 -122.2757 34 8 0.45481818181818184 0.9997272727272728
-351.44952 -312.87823 -126.007385 34 8 0.45481818181818184 0.9997272727272728
-366.27078 -327.24164 -129.62137 34 8 0.45481818181818184 0.9997272727272728
-380.8955 -341.7933 -133.11542 34 8 0.45481818181818184 0.9997272727272728
-395.2885 -356.56586 -136.58163 34 8 0.45481818181818184 0.9997272727272728
-409.8262 -371.2197 -140.38281 34 8 0.45481818181818184 0.9997272727272728
-424.14154 -386.08557 -144.16417 34 8 0.45481818181818184 0.9997272727272728
-438.45428 -400.96384 -147.53345 34 8 0.45481818181818184 0.9997272727272728
-452.76834 -415.84952 -151.06712 34 8 0.45481818181818184 0.9997272727272728
-466.9249 -430.88748 -154.79839 34 8 0.45481818181818184 0.9997272727272728
-481.09805 -445.91693 -158.33609 34 8 0.45481818181818184 0.9997272727272728
-494.92194 -461.27682 -161.90796 34 8 0.45481818181818184 0.9997272727272728
-509.0398 -476.36813 -165.30206 34 8 0.45481818181818184 0.9997272727272728
-522.9491 -491.65796 -169.02802 34 8 0.45481818181818184 0.9997272727272728
-536.5151 -507.275 -172.64796 34 8 0.45481818181818184 0.9997272727272728
-550.2677 -522.71875 -176.25061 34 8 0.45481818181818184 0.9997272727272728
-577.39575 -553.9688 -183.48088 34 8 0.45481818181818184 0.9997272727272728
-590.8907 -569.66 -187.09729 34 8 0.45481818181818184 0.9997272727272728
-604.19586 -585.533 -190.78012 34 8 0.45481818181818184 0.9997272727272728
-149.62167 10.468083 -34.711792 35 4 0.0911818181818182 0.636090909090909
-170.18353 11.515215 -46.948612 35 4 0.0911818181818182 0.636090909090909
-190.48642 12.464722 -59.548264 35 4 0.0911818181818182 0.636090909090909
-231.94565 13.964363 -84.666374 35 4 0.0911818181818182 0.636090909090909
-252.49493 14.553581 -97.0616 35 4 0.0911818181818182 0.636090909090909
-273.22906 15.01756 -109.549 35 4 0.0911818181818182 0.636090909090909
-293.57773 15.387521 -122.05483 35 4 0.0911818181818182 0.636090909090909
-314.3834 15.618412 -134.76933 35 4 0.0911818181818182 0.636090909090909
-334.8324 15.752059 -146.92911 35 4 0.0911818181818182 0.636090909090909
-355.74048 15.749333 -159.58617 35 4 0.0911818181818182 0.636090909090909
-376.1805 15.652454 -172.06285 35 4 0.0911818181818182 0.636090909090909
-396.6952 15.436421 -184.67314 35 4 0.0911818181818182 0.636090909090909
-437.951 14.648927 -209.74702 35 4 0.0911818181818182 0.636090909090909
-458.54822 14.082978 -222.11456 35 4 0.0911818181818182 0.636090909090909
-479.30722 13.396825 -234.63718 35 4 0.0911818181818182 0.636090909090909
-520.53625 11.686403 -259.71442 35 4 0.0911818181818182 0.636090909090909
-541.14514 10.657711 -272.23196 35 4 0.0911818181818182 0.636090909090909
-561.7881 9.512626 -284.6796 35 4 0.0911818181818182 0.636090909090909
-582.17944 8.255443 -297.2986 35 4 0.0911818181818182 0.636090909090909
-602.776 6.8788295 -309.8326 35 4 0.0911818181818182 0.636090909090909
-623.4139 5.385881 -322.2105 35 4 0.0911818181818182 0.636090909090909
-644.1248 3.776735 -334.87448 35 4 0.0911818181818182 0.636090909090909
-664.72437 2.0525544 -347.54114 35 4 0.0911818181818182 0.636090909090909
-685.3534 0.21235842 -360.06927 35 4 0.0911818181818182 0.636090909090909
-705.8492 -1.7440127 -372.49612 35 4 0.0911818181818182 0.636090909090909
-726.5696 -3.81579 -385.19678 35 4 0.0911818181818182 0.636090909090909
-747.0084 -6.005159 -397.7507 35 4 0.0911818181818182 0.636090909090909
-767.50757 -8.3107605 -410.2274 35 4 0.0911818181818182 0.636090909090909
-788.18005 -10.730532 -422.65884 35 4 0.0911818181818182 0.636090909090909
-808.7171 -13.268067 -435.2191 35 4 0.0911818181818182 0.636090909090909
-829.2682 -15.9216 -447.78055 35 4 0.0911818181818182 0.636090909090909
-849.74524 -18.692917 -460.57895 35 4 0.0911818181818182 0.636090909090909
-145.27493 -16.783724 151.23332 36 10 0.6366363636363637 1.0
-166.00685 -17.486168 149.32277 36 10 0.6366363636363637 1.0
-186.32777 -17.843815 147.41432 36 10 0.6366363636363637 1.0
-207.10623 -17.767824 145.4296 36 10 0.6366363636363637 1.0
-227.75026 -17.314695 143.54163 36 10 0.6366363636363637 1.0
-248.57036 -16.458155 141.7748 36 10 0.6366363636363637 1.0
-269.1708 -15.224146 139.97227 36 10 0.6366363636363637 1.0
-289.84595 -13.591146 137.81668 36 10 0.6366363636363637 1.0
-310.64688 -11.558279 135.9954 36 10 0.6366363636363637 1.0
-331.3462 -9.1345215 133.84685 36 10 0.6366363636363637 1.0
-351.8969 -6.3170533 132.04597 36 10 0.6366363636363637 1.0
-372.62103 -3.0983906 130.21771 36 10 0.6366363636363637 1.0
-393.2956 0.5170513 128.23734 36 10 0.6366363636363637 1.0
-413.61908 4.5340943 126.19385 36 10 0.6366363636363637 1.0
-434.4165 8.945771 124.09169 36 10 0.6366363636363637 1.0
-454.705 13.767755 122.38144 36 10 0.6366363636363637 1.0
-475.19452 18.985872 120.40957 36 10 0.6366363636363637 1.0
-495.53375 24.610937 118.58103 36 10 0.6366363636363637 1.0
-515.79224 30.64217 116.38719 36 10 0.6366363636363637 1.0
-536.02014 37.077206 114.63936 36 10 0.6366363636363637 1.0
-555.97955 43.934223 112.69895 36 10 0.6366363636363637 1.0
-576.2824 51.165043 110.50738 36 10 0.6366363636363637 1.0
-596.08685 58.840607 108.546295 36 10 0.6366363636363637 1.0
-615.97906 66.90977 106.52663 36 10 0.6366363636363637 1.0
-635.6117 75.40859 104.535 36 10 0.6366363636363637 1.0
-655.4072 84.28775 102.50114 36 10 0.6366363636363637 1.0
-674.78235 93.62014 100.623825 36 10 0.6366363636363637 1.0
-694.3387 103.32563 98.45548 36 10 0.6366363636363637 1.0
-713.51105 113.484886 96.806175 36 10 0.6366363636363637 1.0
-732.6126 124.05271 94.49795 36 10 0.6366363636363637 1.0
-751.7315 135.01118 92.43998 36 10 0.6366363636363637 1.0
-770.5679 146.41214 90.340416 36 10 0.6366363636363637 1.0
-789.0099 158.28186 88.39937 36 10 0.6366363636363637 1.0
-807.71027 170.4897 86.31983 36 10 0.6366363636363637 1.0
-825.9696 183.17688 84.383736 36 10 0.6366363636363637 1.0
122.506905 -81.68105 81.61538 37 2 0.0 0.4542727272727273
139.68533 -93.07486 103.354965 37 2 0.0 0.4542727272727273
157.30238 -104.026505 125.20171 37 2 0.0 0.4542727272727273
174.85533 -114.865204 146.87326 37 2 0.0 0.4542727272727273
192.56534 -125.43814 168.60692 37 2 0.0 0.4542727272727273
210.53378 -135.67429 190.37994 37 2 0.0 0.4542727272727273
228.66614 -145.63048 212.0568 37 2 0.0 0.4542727272727273
246.87529 -155.35623 233.8899 37 2 0.0 0.4542727272727273
265.4059 -164.69223 255.72942 37 2 0.0 0.4542727272727273
284.05643 -173.76068 277.6363 37 2 0.0 0.4542727272727273
303.04562 -182.42354 299.453 37 2 0.0 0.4542727272727273
321.95682 -190.92783 321.27496 37 2 0.0 0.4542727272727273
341.07492 -199.09558 343.12656 37 2 0.0 0.4542727272727273
360.44095 -206.89967 365.24454 37 2 0.0 0.4542727272727273
379.87866 -214.43735 387.1585 37 2 0.0 0.4542727272727273
399.70123 -221.5276 409.07895 37 2 0.0 0.4542727272727273
419.2893 -228.50992 431.2658 37 2 0.0 0.4542727272727273
439.3371 -234.99677 453.3279 37 2 0.0 0.4542727272727273
459.28442 -241.28682 475.28 37 2 0.0 0.4542727272727273
479.52493 -247.16519 497.4531 37 2 0.0 0.4542727272727273
499.88 -252.72195 519.7043 37 2 0.0 0.4542727272727273
520.2993 -257.97656 541.9411 37 2 0.0 0.4542727272727273
541.04517 -262.7948 564.1634 37 2 0.0 0.4542727272727273
561.63336 -267.4082 586.5749 37 2 0.0 0.4542727272727273
582.48584 -271.60678 608.9948 37 2 0.0 0.4542727272727273
603.32465 -275.5168 631.1393 37 2 0.0 0.4542727272727273
624.3029 -279.0612 653.8153 37 2 0.0 0.4542727272727273
645.7043 -282.11176 676.3039 37 2 0.0 0.4542727272727273
666.9522 -284.91916 698.8169 37 2 0.0 0.4542727272727273
688.1807 -287.4149 721.6046 37 2 0.0 0.4542727272727273
709.6084 -289.5013 744.10754 37 2 0.0 0.4542727272727273
731.33606 -291.1362 767.07434 37 2 0.0 0.4542727272727273
753.2147 -292.37845 789.71234 37 2 0.0 0.4542727272727273
774.73676 -293.41702 812.83295 37 2 0.0 0.4542727272727273
796.58105 -293.9834 835.61816 37 2 0.0 0.4542727272727273
-158.22078 11.92657 -61.717308 38 8 0.45481818181818184 0.9997272727272728
-179.16719 12.255325 -63.75645 38 8 0.45481818181818184 0.9997272727272728
-199.66689 12.304316 -66.220184 38 8 0.45481818181818184 0.9997272727272728
-220.43665 12.024109 -68.33211 38 8 0.45481818181818184 0.9997272727272728
-240.87794 11.447955 -70.752815 38 8 0.45481818181818184 0.9997272727272728
-261.7181 10.538669 -72.996605 38 8 0.45481818181818184 0.9997272727272728
-282.15634 9.330649 -75.29663 38 8 0.45481818181818184 0.9997272727272728
-302.76953 7.799662 -77.417046 38 8 0.45481818181818184 0.9997272727272728
-323.61227 5.94803 -79.84883 38 8 0.45481818181818184 0.9997272727272728
-344.27274 3.7849698 -81.99386 38 8 0.45481818181818184 0.9997272727272728
-364.85825 1.3057674 -84.304146 38 8 0.45481818181818184 0.9997272727272728
-385.52484 -1.4908307 -86.623985 38 8 0.45481818181818184 0.9997272727272728
-406.12155 -4.604799 -88.9149 38 8 0.45481818181818184 0.9997272727272728
-426.45312 -8.041353 -91.263695 38 8 0.45481818181818184 0.9997272727272728
-447.1409 -11.78995 -93.6949 38 8 0.45481818181818184 0.9997272727272728
-467.52682 -15.864609 -95.84679 38 8 0.45481818181818184 0.9997272727272728
-488.20496 -20.247156 -98.23749 38 8 0.45481818181818184 0.9997272727272728
-508.5514 -24.961094 -100.44904 38 8 0.45481818181818184 0.9997272727272728
-528.6849 -30.00666 -102.73407 38 8 0.45481818181818184 0.9997272727272728
-549.182 -35.350914 -105.02966 38 8 0.45481818181818184 0.9997272727272728
-569.3893 -41.031754 -107.228615 38 8 0.45481818181818184 0.9997272727272728
-589.7118 -47.0226 -109.55005 38 8 0.45481818181818184 0.9997272727272728
-609.78467 -53.351635 -111.86563 38 8 0.45481818181818184 0.9997272727272728
-629.77844 -60.00722 -114.21338 38 8 0.45481818181818184 0.9997272727272728
-649.9961 -66.95865 -116.53107 38 8 0.45481818181818184 0.9997272727272728
-669.69794 -74.281235 -118.7806 38 8 0.45481818181818184 0.9997272727272728
-689.76013 -81.88149 -121.32716 38 8 0.45481818181818184 0.9997272727272728
-709.4544 -89.841415 -123.30928 38 8 0.45481818181818184 0.9997272727272728
-748.7139 -106.7287 -128.08427 38 8 0.45481818181818184 0.9997272727272728
-768.21497 -115.663635 -130.54358 38 8 0.45481818181818184 0.9997272727272728
-787.61523 -124.92824 -132.80963 38 8 0.45481818181818184 0.9997272727272728
-807.08954 -134.49336 -135.19182 38 8 0.45481818181818184 0.9997272727272728
-826.3148 -144.41106 -137.63417 38 8 0.45481818181818184 0.9997272727272728
-0.7707398 162.42763 -95.045685 39 8 0.45481818181818184 0.9997272727272728
-11.952034 202.74113 -108.162186 39 8 0.45481818181818184 0.9997272727272728
-18.989458 222.923 -114.67437 39 8 0.45481818181818184 0.9997272727272728
-27.01963 242.6924 -121.443306 39 8 0.45481818181818184 0.9997272727272728
-36.02693 262.26733 -128.10759 39 8 0.45481818181818184 0.9997272727272728
-46.041897 281.41962 -134.79166 39 8 0.45481818181818184 0.9997272727272728
-57.054554 300.2384 -141.47821 39 8 0.45481818181818184 0.9997272727272728
-69.0613 318.7196 -148.30417 39 8 0.45481818181818184 0.9997272727272728
-82.09169 336.70523 -155.45845 39 8 0.45481818181818184 0.9997272727272728
-96.13427 354.23294 -162.25935 39 8 0.45481818181818184 0.9997272727272728
-111.23514 371.11597 -169.21767 39 8 0.45481818181818184 0.9997272727272728
-127.37244 387.42096 -176.39062 39 8 0.45481818181818184 0.9997272727272728
-144.528 403.16434 -183.6256 39 8 0.45481818181818184 0.9997272727272728
-162.62276 418.49445 -191.0029 39 8 0.45481818181818184 0.9997272727272728
-181.94061 432.63016 -198.46826 39 8 0.45481818181818184 0.9997272727272728
-202.26216 446.10046 -206.12666 39 8 0.45481818181818184 0.9997272727272728
-223.74826 458.4898 -213.62547 39 8 0.45481818181818184 0.9997272727272728
-246.17644 470.20035 -221.7328 39 8 0.45481818181818184 0.9997272727272728
-269.78415 480.68243 -229.74588 39 8 0.45481818181818184 0.9997272727272728
-294.52475 489.9674 -238.21382 39 8 0.45481818181818184 0.9997272727272728
-320.3816 497.99963 -246.55826 39 8 0.45481818181818184 0.9997272727272728
-347.3926 504.61884 -255.01772 39 8 0.45481818181818184 0.9997272727272728
-375.5578 509.71 -264.04242 39 8 0.45481818181818184 0.9997272727272728
-404.94614 513.0446 -273.21295 39 8 0.45481818181818184 0.9997272727272728
-467.58762 513.56586 -292.6809 39 8 0.45481818181818184 0.9997272727272728
-500.62738 510.55136 -302.88754 39 8 0.45481818181818184 0.9997272727272728
-571.12445 495.3703 -325.58966 39 8 0.45481818181818184 0.9997272727272728
-608.6773 482.2208 -337.59738 39 8 0.45481818181818184 0.9997272727272728
-647.7365 464.4451 -351.2471 39 8 0.45481818181818184 0.9997272727272728
-688.7275 440.5632 -366.06607 39 8 0.45481818181818184 0.9997272727272728
-731.7844 408.5479 -382.25616 39 8 0.45481818181818184 0.9997272727272728
81.31501 125.829056 -25.887312 40 7 0.3639090909090909 0.9088181818181817
93.61236 142.37962 -35.172012 40 7 0.3639090909090909 0.9088181818181817
106.087036 158.85847 -44.535854 40 7 0.3639090909090909 0.9088181818181817
118.813156 175.14624 -53.570858 40 7 0.3639090909090909 0.9088181818181817
132.01332 190.91614 -62.91648 40 7 0.3639090909090909 0.9088181818181817
145.1947 206.88097 -71.94475 40 7 0.3639090909090909 0.9088181818181817
158.81497 222.3762 -81.05133 40 7 0.3639090909090909 0.9088181818181817
172.45924 237.98232 -90.184685 40 7 0.3639090909090909 0.9088181818181817
186.4181 253.28558 -99.43716 40 7 0.3639090909090909 0.9088181818181817
200.67076 268.31372 -108.61427 40 7 0.3639090909090909 0.9088181818181817
215.22276 283.05798 -117.89597 40 7 0.3639090909090909 0.9088181818181817
229.77238 297.90842 -126.99322 40 7 0.3639090909090909 0.9088181818181817
244.78734 312.24884 -136.26997 40 7 0.3639090909090909 0.9088181818181817
259.82852 326.64008 -145.6376 40 7 0.3639090909090909 0.9088181818181817
275.1812 340.71216 -154.84851 40 7 0.3639090909090909 0.9088181818181817
290.736 354.59836 -163.81093 40 7 0.3639090909090909 0.9088181818181817
306.5233 368.2559 -173.03935 40 7 0.3639090909090909 0.9088181818181817
322.57516 381.6422 -182.61536 40 7 0.3639090909090909 0.9088181818181817
338.91187 394.73105 -191.72153 40 7 0.3639090909090909 0.9088181818181817
355.25064 407.84528 -201.18718 40 7 0.3639090909090909 0.9088181818181817
371.91565 420.6021 -210.45276 40 7 0.3639090909090909 0.9088181818181817
388.86966 433.04367 -219.67685 40 7 0.3639090909090909 0.9088181818181817
405.95627 445.34024 -228.96674 40 7 0.3639090909090909 0.9088181818181817
423.2157 457.43918 -238.38129 40 7 0.3639090909090909 0.9088181818181817
440.7038 469.27423 -247.88701 40 7 0.3639090909090909 0.9088181818181817
458.43552 480.82556 -257.15686 40 7 0.3639090909090909 0.9088181818181817
476.46497 492.03384 -266.62146 40 7 0.3639090909090909 0.9088181818181817
494.4634 503.23276 -275.94974 40 7 0.3639090909090909 0.9088181818181817
512.8163 514.0201 -285.70187 40 7 0.3639090909090909 0.9088181818181817
531.3421 524.5767 -294.7857 40 7 0.3639090909090909 0.9088181818181817
568.9954 544.8931 -314.05264 40 7 0.3639090909090909 0.9088181818181817
588.05914 554.703 -323.44443 40 7 0.3639090909090909 0.9088181818181817
607.4232 564.1393 -332.95444 40 7 0.3639090909090909 0.9088181818181817
626.9537 573.3238 -342.41406 40 7 0.3639090909090909 0.9088181818181817
95.13147 -75.74407 -275.5185 41 3 0.00027272727272725783 0.5451818181818182
109.440704 -90.602356 -289.7072 41 3 0.00027272727272725783 0.5451818181818182
123.564865 -105.64518 -304.23257 41 3 0.00027272727272725783 0.5451818181818182
137.25874 -121.081764 -318.57687 41 3 0.00027272727272725783 0.5451818181818182
150.8624 -136.61452 -332.8489 41 3 0.00027272727272725783 0.5451818181818182
164.12994 -152.45691 -347.0618 41 3 0.00027272727272725783 0.5451818181818182
177.31407 -168.37062 -361.2623 41 3 0.00027272727272725783 0.5451818181818182
189.91383 -184.82753 -375.73694 41 3 0.00027272727272725783 0.5451818181818182
202.60123 -201.17715 -389.99393 41 3 0.00027272727272725783 0.5451818181818182
215.0392 -217.73526 -404.26706 41 3 0.00027272727272725783 0.5451818181818182
227.1964 -234.5292 -418.8925 41 3 0.00027272727272725783 0.5451818181818182
238.98114 -251.65218 -433.05515 41 3 0.00027272727272725783 0.5451818181818182
250.65355 -268.82693 -447.57632 41 3 0.00027272727272725783 0.5451818181818182
261.8924 -286.39047 -462.03052 41 3 0.00027272727272725783 0.5451818181818182
273.08984 -303.91135 -476.3117 41 3 0.00027272727272725783 0.5451818181818182
284.01883 -321.62787 -490.89938 41 3 0.00027272727272725783 0.5451818181818182
294.40976 -339.84573 -505.30856 41 3 0.00027272727272725783 0.5451818181818182
314.65112 -376.54535 -534.30676 41 3 0.00027272727272725783 0.5451818181818182
324.63287 -394.84402 -548.7505 41 3 0.00027272727272725783 0.5451818181818182
334.06293 -413.6533 -563.55023 41 3 0.00027272727272725783 0.5451818181818182
343.2093 -432.64685 -578.07983 41 3 0.00027272727272725783 0.5451818181818182
352.19968 -451.65454 -592.506 41 3 0.00027272727272725783 0.5451818181818182
360.69138 -471.1086 -607.2383 41 3 0.00027272727272725783 0.5451818181818182
369.07468 -490.49835 -621.8273 41 3 0.00027272727272725783 0.5451818181818182
377.14218 -510.08472 -636.5356 41 3 0.00027272727272725783 0.5451818181818182
384.80826 -529.98016 -651.4488 41 3 0.00027272727272725783 0.5451818181818182
392.403 -549.7227 -666.04816 41 3 0.00027272727272725783 0.5451818181818182
399.5728 -569.7924 -680.84375 41 3 0.00027272727272725783 0.5451818181818182
406.46902 -589.9711 -695.59546 41 3 0.00027272727272725783 0.5451818181818182
413.01743 -610.3584 -710.33185 41 3 0.00027272727272725783 0.5451818181818182
419.0977 -631.13055 -725.38116 41 3 0.00027272727272725783 0.5451818181818182
425.07147 -651.7381 -740.21277 41 3 0.00027272727272725783 0.5451818181818182
430.74573 -672.4566 -755.0655 41 3 0.00027272727272725783 0.5451818181818182
436.0503 -693.3875 -769.98785 41 3 0.00027272727272725783 0.5451818181818182
-18.436592 139.94463 152.89731 42 8 0.45481818181818184 0.9997272727272728
-24.856195 159.70786 181.429 42 8 0.45481818181818184 0.9997272727272728
-32.009087 179.32664 209.56241 42 8 0.45481818181818184 0.9997272727272728
-39.928356 198.59271 238.04793 42 8 0.45481818181818184 0.9997272727272728
-48.55071 217.80368 266.55777 42 8 0.45481818181818184 0.9997272727272728
-57.952282 236.5727 295.22302 42 8 0.45481818181818184 0.9997272727272728
-67.994965 255.43489 324.1608 42 8 0.45481818181818184 0.9997272727272728
-78.98079 273.23148 353.08176 42 8 0.45481818181818184 0.9997272727272728
-90.56885 291.19272 382.13373 42 8 0.45481818181818184 0.9997272727272728
-102.858376 308.89413 411.1867 42 8 0.45481818181818184 0.9997272727272728
-115.91778 326.09668 440.47586 42 8 0.45481818181818184 0.9997272727272728
-129.72495 342.8507 470.15604 42 8 0.45481818181818184 0.9997272727272728
-144.35544 358.9455 499.96576 42 8 0.45481818181818184 0.9997272727272728
-159.56078 374.97217 530.0561 42 8 0.45481818181818184 0.9997272727272728
-175.61345 390.23053 560.25055 42 8 0.45481818181818184 0.9997272727272728
-192.20886 405.3729 590.647 42 8 0.45481818181818184 0.9997272727272728
-209.78825 419.42172 621.4574 42 8 0.45481818181818184 0.9997272727272728
-227.9773 433.13312 652.3897 42 8 0.45481818181818184 0.9997272727272728
-246.87132 446.2631 683.5253 42 8 0.45481818181818184 0.9997272727272728
-266.449 458.8049 715.27356 42 8 0.45481818181818184 0.9997272727272728
-307.8909 481.55624 779.706 42 8 0.45481818181818184 0.9997272727272728
-329.78992 491.6461 812.5467 42 8 0.45481818181818184 0.9997272727272728
-352.18646 501.2439 845.6454 42 8 0.45481818181818184 0.9997272727272728
-399.24402 517.5855 913.5935 42 8 0.45481818181818184 0.9997272727272728
-423.9617 524.1632 948.50757 42 8 0.45481818181818184 0.9997272727272728
-449.39645 529.70447 983.8535 42 8 0.45481818181818184 0.9997272727272728
-475.4954 534.201 1019.6692 42 8 0.45481818181818184 0.9997272727272728
-502.09134 537.74963 1056.4233 42 8 0.45481818181818184 0.9997272727272728
-529.69104 539.7196 1094.0281 42 8 0.45481818181818184 0.9997272727272728
-557.77185 540.57196 1132.6025 42 8 0.45481818181818184 0.9997272727272728
-586.6604 539.8721 1171.7554 42 8 0.45481818181818184 0.9997272727272728
-616.2086 537.65063 1212.026 42 8 0.45481818181818184 0.9997272727272728
-646.5274 533.6811 1253.5115 42 8 0.45481818181818184 0.9997272727272728
-24.783567 147.95703 -144.48953 43 3 0.00027272727272725783 0.5451818181818182
-28.93972 168.13278 -138.60692 43 3 0.00027272727272725783 0.5451818181818182
-33.29439 188.27484 -132.74901 43 3 0.00027272727272725783 0.5451818181818182
-37.858067 208.32256 -126.859665 43 3 0.00027272727272725783 0.5451818181818182
-42.625477 228.30588 -121.065994 43 3 0.00027272727272725783 0.5451818181818182
-47.592587 248.24515 -115.29375 43 3 0.00027272727272725783 0.5451818181818182
-52.73477 268.2634 -109.35369 43 3 0.00027272727272725783 0.5451818181818182
-58.063595 288.2916 -103.30534 43 3 0.00027272727272725783 0.5451818181818182
-63.596222 308.24 -97.71839 43 3 0.00027272727272725783 0.5451818181818182
-69.33406 328.10178 -91.52435 43 3 0.00027272727272725783 0.5451818181818182
-75.32644 347.64926 -85.62377 43 3 0.00027272727272725783 0.5451818181818182
-81.4143 367.61612 -79.746864 43 3 0.00027272727272725783 0.5451818181818182
-87.75661 387.2668 -73.87499 43 3 0.00027272727272725783 0.5451818181818182
-94.30123 406.8413 -68.18588 43 3 0.00027272727272725783 0.5451818181818182
-101.02736 426.4264 -62.097725 43 3 0.00027272727272725783 0.5451818181818182
-107.954735 445.9339 -56.09986 43 3 0.00027272727272725783 0.5451818181818182
-115.03113 465.57394 -50.239998 43 3 0.00027272727272725783 0.5451818181818182
-122.3928 484.79272 -44.59993 43 3 0.00027272727272725783 0.5451818181818182
-129.94548 503.97546 -38.41945 43 3 0.00027272727272725783 0.5451818181818182
-137.63412 523.3276 -32.739735 43 3 0.00027272727272725783 0.5451818181818182
-145.5611 542.45166 -26.803148 43 3 0.00027272727272725783 0.5451818181818182
-153.66002 561.5972 -20.79833 43 3 0.00027272727272725783 0.5451818181818182
-161.93694 580.7354 -14.80785 43 3 0.00027272727272725783 0.5451818181818182
-170.41585 599.77594 -8.866702 43 3 0.00027272727272725783 0.5451818181818182
-179.16736 618.4743 -2.8793871 43 3 0.00027272727272725783 0.5451818181818182
-187.95976 637.6285 3.1364644 43 3 0.00027272727272725783 0.5451818181818182
-197.04475 656.36975 8.983214 43 3 0.00027272727272725783 0.5451818181818182
-215.87706 693.36743 20.94292 43 3 0.00027272727272725783 0.5451818181818182
-225.46193 712.141 26.99127 43 3 0.00027272727272725783 0.5451818181818182
-235.33861 730.52026 32.88881 43 3 0.00027272727272725783 0.5451818181818182
-245.42383 748.77277 38.74418 43 3 0.00027272727272725783 0.5451818181818182
-255.66838 767.04626 44.70664 43 3 0.00027272727272725783 0.5451818181818182
-266.08557 785.2939 50.824417 43 3 0.00027272727272725783 0.5451818181818182
-276.65817 803.56055 56.515213 43 3 0.00027272727272725783 0.5451818181818182
-4.782638 -134.25156 956.709 44 2 0.0 0.4542727272727273
-13.784578 -174.36671 1266.1108 44 2 0.0 0.4542727272727273
-18.814217 -194.64496 1421.0234 44 2 0.0 0.4542727272727273
-24.269373 -214.28032 1576.1847 44 2 0.0 0.4542727272727273
-30.034042 -234.37508 1731.227 44 2 0.0 0.4542727272727273
-42.71922 -273.85107 2041.7222 44 2 0.0 0.4542727272727273
-49.63959 -293.29 2197.5554 44 2 0.0 0.4542727272727273
-56.875126 -312.9323 2353.5234 44 2 0.0 0.4542727272727273
138.1985 -70.91873 -149.56029 45 1 0.0 0.36336363636363633
157.14928 -79.17963 -141.52327 45 1 0.0 0.36336363636363633
175.88358 -87.40558 -133.0489 45 1 0.0 0.36336363636363633
194.99306 -95.29907 -124.85801 45 1 0.0 0.36336363636363633
214.21872 -102.98996 -116.64135 45 1 0.0 0.36336363636363633
233.34355 -110.58034 -108.56998 45 1 0.0 0.36336363636363633
271.7964 -125.206055 -91.79384 45 1 0.0 0.36336363636363633
291.42935 -132.09999 -83.4407 45 1 0.0 0.36336363636363633
310.82474 -138.94518 -75.37409 45 1 0.0 0.36336363636363633
330.3179 -145.58644 -66.82591 45 1 0.0 0.36336363636363633
369.93173 -158.11084 -50.51258 45 1 0.0 0.36336363636363633
389.7042 -164.14314 -42.094936 45 1 0.0 0.36336363636363633
409.61438 -169.95135 -33.95942 45 1 0.0 0.36336363636363633
449.5031 -181.03412 -17.255428 45 1 0.0 0.36336363636363633
469.61652 -186.25092 -8.89945 45 1 0.0 0.36336363636363633
489.7104 -191.30237 -0.69108963 45 1 0.0 0.36336363636363633
509.78854 -196.18419 7.752433 45 1 0.0 0.36336363636363633
530.21747 -200.75491 16.060781 45 1 0.0 0.36336363636363633
550.4358 -205.22765 24.367313 45 1 0.0 0.36336363636363633
570.71436 -209.49693 32.483715 45 1 0.0 0.36336363636363633
611.67175 -217.3423 49.144222 45 1 0.0 0.36336363636363633
632.37256 -220.91081 57.520485 45 1 0.0 0.36336363636363633
652.9898 -224.32327 65.93408 45 1 0.0 0.36336363636363633
673.61316 -227.54572 74.459305 45 1 0.0 0.36336363636363633
715.08673 -233.34444 91.13456 45 1 0.0 0.36336363636363633
735.86456 -235.94225 99.449684 45 1 0.0 0.36336363636363633
756.6143 -238.35437 107.8922 45 1 0.0 0.36336363636363633
777.56586 -240.5072 116.216675 45 1 0.0 0.36336363636363633
798.35284 -242.5134 124.78615 45 1 0.0 0.36336363636363633
133.47552 -21.478186 92.356865 46 4 0.0911818181818182 0.636090909090909
153.99394 -23.912533 98.09685 46 4 0.0911818181818182 0.636090909090909
174.58807 -26.17312 103.898415 46 4 0.0911818181818182 0.636090909090909
194.97382 -28.30153 109.91549 46 4 0.0911818181818182 0.636090909090909
215.69391 -30.218016 115.54837 46 4 0.0911818181818182 0.636090909090909
256.72583 -33.616295 127.27549 46 4 0.0911818181818182 0.636090909090909
277.19794 -35.072926 133.05959 46 4 0.0911818181818182 0.636090909090909
297.8109 -36.345894 138.77478 46 4 0.0911818181818182 0.636090909090909
318.35416 -37.461338 144.75258 46 4 0.0911818181818182 0.636090909090909
339.05212 -38.392418 150.39513 46 4 0.0911818181818182 0.636090909090909
359.60782 -39.173023 156.42383 46 4 0.0911818181818182 0.636090909090909
380.20145 -39.782 162.36896 46 4 0.0911818181818182 0.636090909090909
401.0944 -40.1932 168.02045 46 4 0.0911818181818182 0.636090909090909
421.56982 -40.47884 173.88837 46 4 0.0911818181818182 0.636090909090909
442.1864 -40.581932 179.65405 46 4 0.0911818181818182 0.636090909090909
462.9957 -40.49938 185.48239 46 4 0.0911818181818182 0.636090909090909
483.69412 -40.258533 191.41504 46 4 0.0911818181818182 0.636090909090909
504.4187 -39.8468 197.13599 46 4 0.0911818181818182 0.636090909090909
524.87787 -39.285995 203.32454 46 4 0.0911818181818182 0.636090909090909
545.8162 -38.519875 208.99683 46 4 0.0911818181818182 0.636090909090909
566.38654 -37.61043 214.92154 46 4 0.0911818181818182 0.636090909090909
587.3214 -36.507175 220.67215 46 4 0.0911818181818182 0.636090909090909
607.93945 -35.253956 226.5005 46 4 0.0911818181818182 0.636090909090909
628.58264 -33.82813 232.34714 46 4 0.0911818181818182 0.636090909090909
649.42615 -32.22108 238.47427 46 4 0.0911818181818182 0.636090909090909
670.0188 -30.455618 244.2402 46 4 0.0911818181818182 0.636090909090909
690.5615 -28.520102 249.89505 46 4 0.0911818181818182 0.636090909090909
711.26996 -26.405716 256.0082 46 4 0.0911818181818182 0.636090909090909
732.1464 -24.114296 261.69922 46 4 0.0911818181818182 0.636090909090909
752.51654 -21.6672 267.68848 46 4 0.0911818181818182 0.636090909090909
773.15466 -19.038902 273.6253 46 4 0.0911818181818182 0.636090909090909
793.9405 -16.235102 279.46423 46 4 0.0911818181818182 0.636090909090909
814.7243 -13.259978 285.5244 46 4 0.0911818181818182 0.636090909090909
835.33014 -10.115561 291.2477 46 4 0.0911818181818182 0.636090909090909
119.984146 -61.47847 -231.7165 47 1 0.0 0.36336363636363633
138.033 -71.22439 -234.02612 47 1 0.0 0.36336363636363633
156.2837 -80.97379 -236.66264 47 1 0.0 0.36336363636363633
174.35963 -90.91976 -239.06133 47 1 0.0 0.36336363636363633
210.01677 -111.386215 -243.96786 47 1 0.0 0.36336363636363633
227.88632 -121.75297 -246.41592 47 1 0.0 0.36336363636363633
245.4856 -132.36609 -248.88252 47 1 0.0 0.36336363636363633
263.24585 -142.99284 -251.65326 47 1 0.0 0.36336363636363633
280.6618 -153.90593 -253.75975 47 1 0.0 0.36336363636363633
298.2579 -164.81816 -256.26434 47 1 0.0 0.36336363636363633
315.5735 -175.98177 -258.84293 47 1 0.0 0.36336363636363633
333.03802 -187.15704 -261.08987 47 1 0.0 0.36336363636363633
350.13565 -198.63234 -263.52274 47 1 0.0 0.36336363636363633
367.25552 -210.18813 -265.8639 47 1 0.0 0.36336363636363633
384.23047 -221.91837 -268.38525 47 1 0.0 0.36336363636363633
401.15842 -233.7659 -271.0265 47 1 0.0 0.36336363636363633
418.01102 -245.7458 -273.42392 47 1 0.0 0.36336363636363633
434.8066 -257.84604 -275.82642 47 1 0.0 0.36336363636363633
451.44614 -270.1243 -278.17245 47 1 0.0 0.36336363636363633
468.3392 -282.3335 -280.5889 47 1 0.0 0.36336363636363633
484.57544 -295.0213 -283.28268 47 1 0.0 0.36336363636363633
500.9497 -307.7076 -285.62503 47 1 0.0 0.36336363636363633
517.29663 -320.49014 -288.17813 47 1 0.0 0.36336363636363633
533.6043 -333.37418 -290.60782 47 1 0.0 0.36336363636363633
549.46277 -346.6163 -293.09897 47 1 0.0 0.36336363636363633
565.61694 -359.7475 -295.73077 47 1 0.0 0.36336363636363633
581.44824 -373.15704 -298.0544 47 1 0.0 0.36336363636363633
597.3405 -386.59924 -300.69995 47 1 0.0 0.36336363636363633
612.90173 -400.32623 -302.96378 47 1 0.0 0.36336363636363633
628.5963 -414.03503 -305.5231 47 1 0.0 0.36336363636363633
644.15424 -427.89996 -307.95474 47 1 0.0 0.36336363636363633
659.5558 -441.93372 -310.30273 47 1 0.0 0.36336363636363633
674.828 -456.11783 -312.82095 47 1 0.0 0.36336363636363633
690.1031 -470.36154 -315.31033 47 1 0.0 0.36336363636363633
141.27303 39.319427 140.5241 48 6 0.27299999999999996 0.8179090909090909
161.39964 43.268867 138.83284 48 6 0.27299999999999996 0.8179090909090909
181.73984 46.93269 137.44763 48 6 0.27299999999999996 0.8179090909090909
202.14381 50.351677 136.19125 48 6 0.27299999999999996 0.8179090909090909
222.49895 53.552067 134.61816 48 6 0.27299999999999996 0.8179090909090909
263.4213 59.202568 131.65933 48 6 0.27299999999999996 0.8179090909090909
283.89542 61.671974 129.93828 48 6 0.27299999999999996 0.8179090909090909
304.4803 63.880295 128.62555 48 6 0.27299999999999996 0.8179090909090909
325.03857 65.855896 127.06196 48 6 0.27299999999999996 0.8179090909090909
345.65378 67.58003 125.675865 48 6 0.27299999999999996 0.8179090909090909
366.08133 69.09827 124.16432 48 6 0.27299999999999996 0.8179090909090909
387.10367 70.262886 122.64296 48 6 0.27299999999999996 0.8179090909090909
407.76175 71.252174 121.20134 48 6 0.27299999999999996 0.8179090909090909
428.44174 71.99219 119.63376 48 6 0.27299999999999996 0.8179090909090909
449.21103 72.47101 118.252655 48 6 0.27299999999999996 0.8179090909090909
469.9687 72.70459 116.705826 48 6 0.27299999999999996 0.8179090909090909
490.7154 72.69122 115.10379 48 6 0.27299999999999996 0.8179090909090909
532.51776 71.87134 112.08076 48 6 0.27299999999999996 0.8179090909090909
553.03094 71.13608 110.533394 48 6 0.27299999999999996 0.8179090909090909
573.8025 70.112564 109.096794 48 6 0.27299999999999996 0.8179090909090909
594.9855 68.78697 107.456276 48 6 0.27299999999999996 0.8179090909090909
615.77637 67.25397 106.09301 48 6 0.27299999999999996 0.8179090909090909
636.7795 65.44284 104.696144 48 6 0.27299999999999996 0.8179090909090909
657.59357 63.39542 103.18686 48 6 0.27299999999999996 0.8179090909090909
678.3287 61.09728 101.46444 48 6 0.27299999999999996 0.8179090909090909
699.1751 58.53014 100.19498 48 6 0.27299999999999996 0.8179090909090909
720.0708 55.70014 98.505844 48 6 0.27299999999999996 0.8179090909090909
740.7756 52.624554 96.87076 48 6 0.27299999999999996 0.8179090909090909
761.85516 49.26247 95.495674 48 6 0.27299999999999996 0.8179090909090909
782.5858 45.66262 94.02083 48 6 0.27299999999999996 0.8179090909090909
803.2649 41.80234 92.37845 48 6 0.27299999999999996 0.8179090909090909
824.20575 37.66583 90.77286 48 6 0.27299999999999996 0.8179090909090909
844.91614 33.27697 89.33181 48 6 0.27299999999999996 0.8179090909090909
-27.72762 -134.40163 85.57042 49 11 0.7275454545454545 1.0
-30.582926 -154.64244 118.72148 49 11 0.7275454545454545 1.0
-33.55323 -174.91522 151.75433 49 11 0.7275454545454545 1.0
-36.62754 -195.28693 185.01834 49 11 0.7275454545454545 1.0
-39.847633 -215.53824 218.1802 49 11 0.7275454545454545 1.0
-43.130985 -236.11647 251.33209 49 11 0.7275454545454545 1.0
-46.613686 -256.279 284.31064 49 11 0.7275454545454545 1.0
-50.173878 -276.6914 317.4731 49 11 0.7275454545454545 1.0
-53.87288 -297.01584 350.61053 49 11 0.7275454545454545 1.0
-61.65985 -337.54703 417.11426 49 11 0.7275454545454545 1.0
-65.77951 -357.58 450.2211 49 11 0.7275454545454545 1.0
-69.998405 -377.7386 483.5978 49 11 0.7275454545454545 1.0
-74.35365 -397.8202 516.474 49 11 0.7275454545454545 1.0
-78.77493 -418.19858 549.8168 49 11 0.7275454545454545 1.0
-83.37954 -438.24738 582.8823 49 11 0.7275454545454545 1.0
-88.09078 -458.37347 616.03723 49 11 0.7275454545454545 1.0
-92.95538 -478.33237 649.2931 49 11 0.7275454545454545 1.0
-103.028786 -518.347 715.8013 49 11 0.7275454545454545 1.0
-108.261536 -538.27795 748.9222 49 11 0.7275454545454545 1.0
-113.59537 -558.30365 782.335 49 11 0.7275454545454545 1.0
-119.064064 -578.25476 815.4501 49 11 0.7275454545454545 1.0
-124.621216 -598.35474 848.6517 49 11 0.7275454545454545 1.0
-130.36615 -618.1253 881.9447 49 11 0.7275454545454545 1.0
-136.2371 -637.8658 915.3348 49 11 0.7275454545454545 1.0
-142.18262 -657.8132 948.5845 49 11 0.7275454545454545 1.0
-148.29721 -677.5263 981.99036 49 11 0.7275454545454545 1.0
-154.56027 -697.1047 1015.17267 49 11 0.7275454545454545 1.0
-160.9073 -716.8386 1048.5743 49 11 0.7275454545454545 1.0
-167.36545 -736.601 1081.9598 49 11 0.7275454545454545 1.0
-173.96837 -756.2423 1115.0514 49 11 0.7275454545454545 1.0
-180.68245 -775.90924 1148.6339 49 11 0.7275454545454545 1.0
-187.53006 -795.5038 1181.7952 49 11 0.7275454545454545 1.0
-194.47662 -815.1714 1215.2135 49 11 0.7275454545454545 1.0
