x y z track_id event_id time_left time_right
34.002792 -143.96014 74.35984 0 1 0.0 0.36336363636363633
37.53525 -164.39027 77.25279 0 1 0.0 0.36336363636363633
40.975304 -184.75111 80.24343 0 1 0.0 0.36336363636363633
44.32753 -205.01161 83.31547 0 1 0.0 0.36336363636363633
47.536133 -225.42598 86.28543 0 1 0.0 0.36336363636363633
50.645973 -245.78525 89.306015 0 1 0.0 0.36336363636363633
53.661694 -266.06003 92.17422 0 1 0.0 0.36336363636363633
56.521282 -286.55685 95.19321 0 1 0.0 0.36336363636363633
59.289585 -306.95233 98.30581 0 1 0.0 0.36336363636363633
61.953197 -327.30847 100.9876 0 1 0.0 0.36336363636363633
64.45623 -347.92227 104.05219 0 1 0.0 0.36336363636363633
66.897804 -368.2618 106.955925 0 1 0.0 0.36336363636363633
69.16864 -388.92197 109.918015 0 1 0.0 0.36336363636363633
71.351425 -409.44632 113.129814 0 1 0.0 0.36336363636363633
73.443695 -429.83862 116.02184 0 1 0.0 0.36336363636363633
75.36723 -450.55588 119.019035 0 1 0.0 0.36336363636363633
77.22684 -470.9774 122.01883 0 1 0.0 0.36336363636363633
78.96075 -491.4668 124.779396 0 1 0.0 0.36336363636363633
80.55237 -512.13196 127.98508 0 1 0.0 0.36336363636363633
82.07204 -532.5255 130.93204 0 1 0.0 0.36336363636363633
83.409546 -553.35876 133.7901 0 1 0.0 0.36336363636363633
84.66129 -574.0052 136.70514 0 1 0.0 0.36336363636363633
85.84379 -594.3359 139.76537 0 1 0.0 0.36336363636363633
86.82404 -615.26953 142.92793 0 1 0.0 0.36336363636363633
87.77048 -635.62537 145.5811 0 1 0.0 0.36336363636363633
88.53686 -656.44507 148.68889 0 1 0.0 0.36336363636363633
89.218025 -677.0398 151.82346 0 1 0.0 0.36336363636363633
89.75763 -697.82935 154.57587 0 1 0.0 0.36336363636363633
90.19201 -718.53656 157.84093 0 1 0.0 0.36336363636363633
90.5218 -739.1481 160.48659 0 1 0.0 0.36336363636363633
90.74771 -759.6485 163.686 0 1 0.0 0.36336363636363633
90.79402 -780.6779 166.47675 0 1 0.0 0.36336363636363633
90.77713 -801.24963 169.7448 0 1 0.0 0.36336363636363633
90.63422 -821.8935 172.3918 0 1 0.0 0.36336363636363633
90.35486 -842.7109 175.73799 0 1 0.0 0.36336363636363633
127.54646 -58.569717 4.5804586 1 3 0.00027272727272725783 0.5451818181818182
146.50832 -67.099976 0.9885364 1 3 0.00027272727272725783 0.5451818181818182
165.16261 -75.61759 -3.052273 1 3 0.00027272727272725783 0.5451818181818182
183.94223 -83.92213 -6.8148704 1 3 0.00027272727272725783 0.5451818181818182
203.08786 -91.90296 -10.688378 1 3 0.00027272727272725783 0.5451818181818182
222.04785 -99.80905 -14.417918 1 3 0.00027272727272725783 0.5451818181818182
241.22052 -107.458466 -18.24866 1 3 0.00027272727272725783 0.5451818181818182
260.49496 -114.90004 -22.180098 1 3 0.00027272727272725783 0.5451818181818182
279.906 -122.117256 -25.740887 1 3 0.00027272727272725783 0.5451818181818182
299.3589 -129.15024 -29.586512 1 3 0.00027272727272725783 0.5451818181818182
318.96814 -135.94798 -33.409447 1 3 0.00027272727272725783 0.5451818181818182
357.91092 -149.14648 -41.19495 1 3 0.00027272727272725783 0.5451818181818182
377.9638 -155.24304 -44.993774 1 3 0.00027272727272725783 0.5451818181818182
397.68 -161.30298 -48.83985 1 3 0.00027272727272725783 0.5451818181818182
417.37662 -167.19116 -52.56896 1 3 0.00027272727272725783 0.5451818181818182
437.50186 -172.72751 -56.487076 1 3 0.00027272727272725783 0.5451818181818182
457.4365 -178.15753 -60.291424 1 3 0.00027272727272725783 0.5451818181818182
477.4721 -183.36343 -64.23695 1 3 0.00027272727272725783 0.5451818181818182
497.81134 -188.26756 -67.86191 1 3 0.00027272727272725783 0.5451818181818182
517.9095 -193.07541 -71.88777 1 3 0.00027272727272725783 0.5451818181818182
538.2861 -197.5896 -75.66572 1 3 0.00027272727272725783 0.5451818181818182
558.6947 -201.90126 -79.54742 1 3 0.00027272727272725783 0.5451818181818182
579.004 -206.05516 -83.52718 1 3 0.00027272727272725783 0.5451818181818182
599.55817 -209.92659 -87.11904 1 3 0.00027272727272725783 0.5451818181818182
619.97473 -213.64888 -91.105194 1 3 0.00027272727272725783 0.5451818181818182
640.80927 -217.02911 -94.9446 1 3 0.00027272727272725783 0.5451818181818182
661.4431 -220.27791 -98.788246 1 3 0.00027272727272725783 0.5451818181818182
682.0663 -223.3273 -102.58702 1 3 0.00027272727272725783 0.5451818181818182
702.9816 -226.07727 -106.373344 1 3 0.00027272727272725783 0.5451818181818182
723.72394 -228.67746 -110.323265 1 3 0.00027272727272725783 0.5451818181818182
744.65515 -231.0103 -114.31226 1 3 0.00027272727272725783 0.5451818181818182
765.52844 -233.15186 -118.11048 1 3 0.00027272727272725783 0.5451818181818182
786.4444 -235.06885 -122.11309 1 3 0.00027272727272725783 0.5451818181818182
807.6323 -236.69255 -125.955536 1 3 0.00027272727272725783 0.5451818181818182
-137.85161 -58.456844 -498.95142 2 6 0.27299999999999996 0.8179090909090909
-156.32417 -67.56184 -533.8602 2 6 0.27299999999999996 0.8179090909090909
-174.77515 -76.81488 -568.6997 2 6 0.27299999999999996 0.8179090909090909
-193.16165 -86.23271 -603.53735 2 6 0.27299999999999996 0.8179090909090909
-211.26096 -95.91498 -638.5138 2 6 0.27299999999999996 0.8179090909090909
-229.37108 -105.72736 -673.4383 2 6 0.27299999999999996 0.8179090909090909
-247.3947 -115.71222 -708.17004 2 6 0.27299999999999996 0.8179090909090909
-265.33994 -125.864525 -743.00165 2 6 0.27299999999999996 0.8179090909090909
-301.09906 -146.61539 -813.0213 2 6 0.27299999999999996 0.8179090909090909
-318.6543 -157.33745 -847.89667 2 6 0.27299999999999996 0.8179090909090909
-336.15982 -168.20895 -882.76135 2 6 0.27299999999999996 0.8179090909090909
-353.71265 -179.17871 -917.8466 2 6 0.27299999999999996 0.8179090909090909
-371.23605 -190.28212 -952.9742 2 6 0.27299999999999996 0.8179090909090909
-405.60043 -213.19208 -1022.9026 2 6 0.27299999999999996 0.8179090909090909
-422.72763 -224.84886 -1057.7244 2 6 0.27299999999999996 0.8179090909090909
-439.62698 -236.73976 -1092.8789 2 6 0.27299999999999996 0.8179090909090909
-456.63974 -248.68015 -1128.0934 2 6 0.27299999999999996 0.8179090909090909
-473.30905 -260.91626 -1163.1085 2 6 0.27299999999999996 0.8179090909090909
-490.01947 -273.23706 -1198.1735 2 6 0.27299999999999996 0.8179090909090909
-506.5469 -285.7648 -1233.352 2 6 0.27299999999999996 0.8179090909090909
-523.17786 -298.3362 -1268.5972 2 6 0.27299999999999996 0.8179090909090909
-539.44696 -311.2143 -1303.6887 2 6 0.27299999999999996 0.8179090909090909
-555.62085 -324.2471 -1338.9036 2 6 0.27299999999999996 0.8179090909090909
-571.94995 -337.28516 -1374.0348 2 6 0.27299999999999996 0.8179090909090909
-587.87335 -350.65656 -1409.2463 2 6 0.27299999999999996 0.8179090909090909
-603.64996 -364.2094 -1444.5522 2 6 0.27299999999999996 0.8179090909090909
-619.60455 -377.745 -1479.8094 2 6 0.27299999999999996 0.8179090909090909
-635.1483 -391.61902 -1515.4508 2 6 0.27299999999999996 0.8179090909090909
-650.65375 -405.60376 -1550.5659 2 6 0.27299999999999996 0.8179090909090909
-666.11926 -419.69717 -1585.8258 2 6 0.27299999999999996 0.8179090909090909
-681.43353 -433.96704 -1621.1654 2 6 0.27299999999999996 0.8179090909090909
-696.4997 -448.47488 -1656.7318 2 6 0.27299999999999996 0.8179090909090909
-711.4829 -463.1143 -1692.2845 2 6 0.27299999999999996 0.8179090909090909
128.7741 75.63033 134.35533 3 2 0.0 0.4542727272727273
146.8839 85.58375 123.58792 3 2 0.0 0.4542727272727273
164.93698 95.47623 113.07068 3 2 0.0 0.4542727272727273
183.17868 105.16391 102.37932 3 2 0.0 0.4542727272727273
201.16342 114.90157 91.52414 3 2 0.0 0.4542727272727273
219.64604 124.2562 80.9056 3 2 0.0 0.4542727272727273
237.95657 133.60884 70.19077 3 2 0.0 0.4542727272727273
256.4644 142.74931 59.380405 3 2 0.0 0.4542727272727273
274.77255 151.89749 48.625275 3 2 0.0 0.4542727272727273
293.5762 160.66795 38.11344 3 2 0.0 0.4542727272727273
312.32248 169.36572 27.420738 3 2 0.0 0.4542727272727273
330.92224 178.03581 16.546007 3 2 0.0 0.4542727272727273
349.95447 186.36562 6.0950484 3 2 0.0 0.4542727272727273
368.87762 194.64525 -4.867258 3 2 0.0 0.4542727272727273
387.8812 202.77202 -15.479144 3 2 0.0 0.4542727272727273
406.79254 210.8345 -26.392736 3 2 0.0 0.4542727272727273
425.9131 218.67471 -37.160023 3 2 0.0 0.4542727272727273
445.303 226.2631 -47.64522 3 2 0.0 0.4542727272727273
464.43488 233.8672 -58.43146 3 2 0.0 0.4542727272727273
483.71838 241.27701 -69.21066 3 2 0.0 0.4542727272727273
503.28983 248.42554 -79.751 3 2 0.0 0.4542727272727273
522.81287 255.47946 -90.44548 3 2 0.0 0.4542727272727273
542.15 262.50275 -101.29108 3 2 0.0 0.4542727272727273
561.9435 269.18304 -112.20543 3 2 0.0 0.4542727272727273
581.4246 275.88977 -122.638306 3 2 0.0 0.4542727272727273
601.22736 282.31882 -133.74712 3 2 0.0 0.4542727272727273
640.86804 294.7828 -155.1342 3 2 0.0 0.4542727272727273
660.6587 300.83597 -165.96162 3 2 0.0 0.4542727272727273
680.5737 306.7022 -176.78539 3 2 0.0 0.4542727272727273
700.5019 312.43112 -187.60242 3 2 0.0 0.4542727272727273
720.7684 317.8777 -198.35594 3 2 0.0 0.4542727272727273
740.8725 323.26346 -209.18822 3 2 0.0 0.4542727272727273
760.9574 328.5226 -219.67078 3 2 0.0 0.4542727272727273
781.25696 333.55334 -230.81947 3 2 0.0 0.4542727272727273
-73.684296 -124.31711 361.00058 4 5 0.18209090909090908 0.727
-84.052155 -142.12076 377.15186 4 5 0.18209090909090908 0.727
-94.638306 -159.71535 393.2737 4 5 0.18209090909090908 0.727
-105.128624 -177.6299 409.36588 4 5 0.18209090909090908 0.727
-116.040955 -194.98862 425.4609 4 5 0.18209090909090908 0.727
-127.00956 -212.40736 441.4933 4 5 0.18209090909090908 0.727
-138.02144 -229.90445 457.7835 4 5 0.18209090909090908 0.727
-149.23529 -247.21283 473.93277 4 5 0.18209090909090908 0.727
-160.57072 -264.4649 489.97067 4 5 0.18209090909090908 0.727
-172.05164 -281.61945 506.02032 4 5 0.18209090909090908 0.727
-183.7562 -298.54803 522.2749 4 5 0.18209090909090908 0.727
-195.5207 -315.516 538.378 4 5 0.18209090909090908 0.727
-207.39604 -332.43762 554.3493 4 5 0.18209090909090908 0.727
-219.53648 -349.06503 570.63763 4 5 0.18209090909090908 0.727
-231.75139 -365.70203 586.81 4 5 0.18209090909090908 0.727
-243.95316 -382.48215 603.0532 4 5 0.18209090909090908 0.727
-256.3354 -399.09735 619.074 4 5 0.18209090909090908 0.727
-269.04324 -415.32367 635.4042 4 5 0.18209090909090908 0.727
-281.80374 -431.58438 651.41644 4 5 0.18209090909090908 0.727
-294.7333 -447.69797 667.66394 4 5 0.18209090909090908 0.727
-307.62054 -463.98285 683.84033 4 5 0.18209090909090908 0.727
-320.8494 -479.8568 699.99316 4 5 0.18209090909090908 0.727
-334.10464 -495.7935 716.3273 4 5 0.18209090909090908 0.727
-347.4166 -511.74295 732.4638 4 5 0.18209090909090908 0.727
-361.04056 -527.328 748.576 4 5 0.18209090909090908 0.727
-374.59647 -543.104 765.0303 4 5 0.18209090909090908 0.727
-388.417 -558.5844 781.13275 4 5 0.18209090909090908 0.727
-402.37997 -573.94635 797.49304 4 5 0.18209090909090908 0.727
-416.54138 -589.10944 813.7807 4 5 0.18209090909090908 0.727
-430.65134 -604.4252 829.9424 4 5 0.18209090909090908 0.727
-444.9629 -619.53345 846.1522 4 5 0.18209090909090908 0.727
-459.42514 -634.5056 862.5088 4 5 0.18209090909090908 0.727
-474.02487 -649.35876 878.7892 4 5 0.18209090909090908 0.727
-503.53217 -678.8442 911.582 4 5 0.18209090909090908 0.727
-51.57387 -137.43013 -39.46313 5 9 0.5457272727272728 1.0
-58.66273 -156.82214 -30.993996 5 9 0.5457272727272728 1.0
-66.40569 -176.03503 -23.046215 5 9 0.5457272727272728 1.0
-74.815186 -195.01762 -14.579627 5 9 0.5457272727272728 1.0
-83.73035 -214.16203 -6.4283323 5 9 0.5457272727272728 1.0
-93.46114 -232.64517 1.926324 5 9 0.5457272727272728 1.0
-103.75747 -251.08142 10.41959 5 9 0.5457272727272728 1.0
-114.776955 -269.05893 18.680063 5 9 0.5457272727272728 1.0
-126.43821 -286.75488 27.108656 5 9 0.5457272727272728 1.0
-138.69406 -304.2471 35.7613 5 9 0.5457272727272728 1.0
-165.22891 -337.98584 52.60988 5 9 0.5457272727272728 1.0
-179.43958 -354.33032 61.26299 5 9 0.5457272727272728 1.0
-194.36996 -370.11365 70.00997 5 9 0.5457272727272728 1.0
-209.84714 -385.6436 78.78367 5 9 0.5457272727272728 1.0
-226.09128 -400.4846 87.49232 5 9 0.5457272727272728 1.0
-242.85495 -415.05704 96.26301 5 9 0.5457272727272728 1.0
-260.2456 -429.13373 105.23653 5 9 0.5457272727272728 1.0
-278.34402 -442.5562 113.98307 5 9 0.5457272727272728 1.0
-296.9179 -455.6639 123.20142 5 9 0.5457272727272728 1.0
-316.23978 -467.99713 132.16278 5 9 0.5457272727272728 1.0
-336.18524 -479.72076 141.39502 5 9 0.5457272727272728 1.0
-356.55927 -491.06918 150.79457 5 9 0.5457272727272728 1.0
-377.96936 -501.17285 160.20616 5 9 0.5457272727272728 1.0
-399.70303 -510.9663 169.5571 5 9 0.5457272727272728 1.0
-422.00214 -520.07104 179.34079 5 9 0.5457272727272728 1.0
-445.16486 -528.0861 188.86551 5 9 0.5457272727272728 1.0
-468.81888 -535.42737 198.84586 5 9 0.5457272727272728 1.0
-493.1329 -541.8479 208.81383 5 9 0.5457272727272728 1.0
-517.8644 -547.5622 218.8469 5 9 0.5457272727272728 1.0
-543.358 -552.14484 229.15338 5 9 0.5457272727272728 1.0
-569.38947 -555.77856 239.46902 5 9 0.5457272727272728 1.0
-595.85565 -558.4927 250.10304 5 9 0.5457272727272728 1.0
-623.09106 -559.90265 261.06104 5 9 0.5457272727272728 1.0
-164.32553 -39.33303 428.3817 6 5 0.18209090909090908 0.727
-184.1681 -45.176414 450.94226 6 5 0.18209090909090908 0.727
-203.94225 -51.16572 473.5737 6 5 0.18209090909090908 0.727
-223.49098 -57.34141 496.0103 6 5 0.18209090909090908 0.727
-243.38791 -63.55608 518.73065 6 5 0.18209090909090908 0.727
-262.80154 -70.02498 540.9637 6 5 0.18209090909090908 0.727
-282.2021 -76.62673 563.6409 6 5 0.18209090909090908 0.727
-302.00418 -83.24605 586.15735 6 5 0.18209090909090908 0.727
-321.2697 -90.13953 608.6489 6 5 0.18209090909090908 0.727
-340.5861 -97.14608 631.14355 6 5 0.18209090909090908 0.727
-360.0617 -104.23264 653.6291 6 5 0.18209090909090908 0.727
-379.27374 -111.52034 676.3352 6 5 0.18209090909090908 0.727
-398.4653 -118.93912 698.76404 6 5 0.18209090909090908 0.727
-417.9381 -126.39695 721.3955 6 5 0.18209090909090908 0.727
-437.02414 -134.09413 743.9062 6 5 0.18209090909090908 0.727
-456.12103 -141.91089 766.7582 6 5 0.18209090909090908 0.727
-475.2146 -149.85054 788.997 6 5 0.18209090909090908 0.727
-513.3214 -166.11711 834.2559 6 5 0.18209090909090908 0.727
-532.24133 -174.47319 856.9374 6 5 0.18209090909090908 0.727
-550.91516 -183.03001 879.5277 6 5 0.18209090909090908 0.727
-569.7948 -191.63756 902.14844 6 5 0.18209090909090908 0.727
-588.4962 -200.42293 924.848 6 5 0.18209090909090908 0.727
-607.2585 -209.3048 947.2512 6 5 0.18209090909090908 0.727
-625.7715 -218.38945 970.06647 6 5 0.18209090909090908 0.727
-644.54877 -227.49754 992.8528 6 5 0.18209090909090908 0.727
-663.0153 -236.83 1015.51587 6 5 0.18209090909090908 0.727
-681.3553 -246.32297 1038.0859 6 5 0.18209090909090908 0.727
-699.81555 -255.88658 1060.8181 6 5 0.18209090909090908 0.727
-718.312 -265.54922 1083.4141 6 5 0.18209090909090908 0.727
-736.5195 -275.43082 1106.155 6 5 0.18209090909090908 0.727
-754.7745 -285.4065 1128.7449 6 5 0.18209090909090908 0.727
-772.84015 -295.5649 1151.7527 6 5 0.18209090909090908 0.727
-790.9869 -305.80273 1174.4312 6 5 0.18209090909090908 0.727
120.26568 -113.23662 -174.53554 7 10 0.6366363636363637 1.0
133.86446 -128.69121 -174.29672 7 10 0.6366363636363637 1.0
147.17662 -144.41475 -174.1562 7 10 0.6366363636363637 1.0
160.49808 -160.12231 -174.03891 7 10 0.6366363636363637 1.0
173.61908 -176.02106 -173.8997 7 10 0.6366363636363637 1.0
186.93552 -191.70908 -173.76793 7 10 0.6366363636363637 1.0
200.05907 -207.57817 -173.58617 7 10 0.6366363636363637 1.0
213.06015 -223.55806 -173.52513 7 10 0.6366363636363637 1.0
225.88043 -239.7114 -173.39708 7 10 0.6366363636363637 1.0
251.55878 -271.92047 -173.00761 7 10 0.6366363636363637 1.0
264.11102 -288.30286 -172.76692 7 10 0.6366363636363637 1.0
276.6535 -304.67395 -172.7593 7 10 0.6366363636363637 1.0
289.29623 -320.9088 -172.48776 7 10 0.6366363636363637 1.0
301.5998 -337.49356 -172.141 7 10 0.6366363636363637 1.0
313.7439 -354.23157 -172.39078 7 10 0.6366363636363637 1.0
326.11154 -370.68896 -172.19739 7 10 0.6366363636363637 1.0
338.41516 -387.1863 -172.01453 7 10 0.6366363636363637 1.0
350.4493 -403.95935 -171.85141 7 10 0.6366363636363637 1.0
362.31342 -420.89655 -171.66978 7 10 0.6366363636363637 1.0
374.24448 -437.7221 -171.57928 7 10 0.6366363636363637 1.0
386.18924 -454.4944 -171.50792 7 10 0.6366363636363637 1.0
397.85953 -471.55185 -171.29527 7 10 0.6366363636363637 1.0
409.53806 -488.56104 -170.96228 7 10 0.6366363636363637 1.0
421.01782 -505.76752 -171.02965 7 10 0.6366363636363637 1.0
432.45404 -522.9857 -170.853 7 10 0.6366363636363637 1.0
443.867 -540.1891 -170.73872 7 10 0.6366363636363637 1.0
455.0984 -557.5694 -170.4802 7 10 0.6366363636363637 1.0
466.22318 -575.0357 -170.4849 7 10 0.6366363636363637 1.0
477.37454 -592.4225 -170.54445 7 10 0.6366363636363637 1.0
488.39023 -609.92896 -170.25484 7 10 0.6366363636363637 1.0
499.37973 -627.41785 -170.08676 7 10 0.6366363636363637 1.0
510.07935 -645.2205 -169.68394 7 10 0.6366363636363637 1.0
520.8213 -662.91815 -169.6789 7 10 0.6366363636363637 1.0
140.55818 -21.700718 -117.28828 8 3 0.00027272727272725783 0.5451818181818182
160.78696 -25.289995 -138.19144 8 3 0.00027272727272725783 0.5451818181818182
181.08727 -28.735035 -159.75284 8 3 0.00027272727272725783 0.5451818181818182
221.97552 -35.179276 -202.22661 8 3 0.00027272727272725783 0.5451818181818182
242.29993 -38.21991 -223.69095 8 3 0.00027272727272725783 0.5451818181818182
262.55417 -41.137363 -245.15315 8 3 0.00027272727272725783 0.5451818181818182
283.08664 -43.876896 -266.3999 8 3 0.00027272727272725783 0.5451818181818182
303.6088 -46.483704 -287.7982 8 3 0.00027272727272725783 0.5451818181818182
324.2528 -48.937435 -309.11484 8 3 0.00027272727272725783 0.5451818181818182
344.51328 -51.31381 -330.38605 8 3 0.00027272727272725783 0.5451818181818182
365.12918 -53.50147 -351.79858 8 3 0.00027272727272725783 0.5451818181818182
385.514 -55.587093 -373.2041 8 3 0.00027272727272725783 0.5451818181818182
406.30362 -57.478508 -394.514 8 3 0.00027272727272725783 0.5451818181818182
426.68665 -59.29123 -415.8877 8 3 0.00027272727272725783 0.5451818181818182
467.85834 -62.448887 -458.70468 8 3 0.00027272727272725783 0.5451818181818182
488.44717 -63.821384 -480.09506 8 3 0.00027272727272725783 0.5451818181818182
509.2065 -65.034294 -501.46643 8 3 0.00027272727272725783 0.5451818181818182
529.53253 -66.164154 -522.87854 8 3 0.00027272727272725783 0.5451818181818182
550.2282 -67.10885 -544.3969 8 3 0.00027272727272725783 0.5451818181818182
570.9817 -67.9084 -565.5472 8 3 0.00027272727272725783 0.5451818181818182
591.64746 -68.57986 -587.1555 8 3 0.00027272727272725783 0.5451818181818182
632.9753 -69.50538 -629.9334 8 3 0.00027272727272725783 0.5451818181818182
653.799 -69.74151 -651.4109 8 3 0.00027272727272725783 0.5451818181818182
674.6121 -69.83958 -672.76154 8 3 0.00027272727272725783 0.5451818181818182
695.1063 -69.830124 -694.42645 8 3 0.00027272727272725783 0.5451818181818182
715.8103 -69.65842 -715.72345 8 3 0.00027272727272725783 0.5451818181818182
736.7411 -69.32452 -737.2834 8 3 0.00027272727272725783 0.5451818181818182
757.1207 -68.90106 -758.6043 8 3 0.00027272727272725783 0.5451818181818182
777.9686 -68.293015 -780.0027 8 3 0.00027272727272725783 0.5451818181818182
798.7667 -67.548416 -801.675 8 3 0.00027272727272725783 0.5451818181818182
819.5256 -66.66566 -823.1819 8 3 0.00027272727272725783 0.5451818181818182
840.43427 -65.62932 -844.68933 8 3 0.00027272727272725783 0.5451818181818182
146.22948 -28.807674 222.59084 9 1 0.0 0.36336363636363633
166.84839 -31.682503 246.76825 9 1 0.0 0.36336363636363633
187.10794 -34.483208 271.13605 9 1 0.0 0.36336363636363633
207.75432 -37.069603 295.62656 9 1 0.0 0.36336363636363633
228.02228 -39.57993 319.9649 9 1 0.0 0.36336363636363633
248.575 -41.896057 344.22488 9 1 0.0 0.36336363636363633
269.0575 -44.07972 368.82202 9 1 0.0 0.36336363636363633
289.34265 -46.149597 393.16504 9 1 0.0 0.36336363636363633
310.1556 -47.990284 417.37747 9 1 0.0 0.36336363636363633
330.76624 -49.718067 441.87268 9 1 0.0 0.36336363636363633
351.12762 -51.33663 466.5245 9 1 0.0 0.36336363636363633
371.79855 -52.763042 490.85242 9 1 0.0 0.36336363636363633
392.35098 -54.05969 515.35486 9 1 0.0 0.36336363636363633
412.8322 -55.21833 539.59784 9 1 0.0 0.36336363636363633
433.699 -56.178486 564.1881 9 1 0.0 0.36336363636363633
454.47064 -57.004765 588.7991 9 1 0.0 0.36336363636363633
474.68973 -57.751194 612.9741 9 1 0.0 0.36336363636363633
495.64923 -58.258755 637.59265 9 1 0.0 0.36336363636363633
536.9453 -58.902905 686.6071 9 1 0.0 0.36336363636363633
557.55927 -59.00452 710.9647 9 1 0.0 0.36336363636363633
578.259 -58.947308 735.6834 9 1 0.0 0.36336363636363633
598.9693 -58.7393 760.06024 9 1 0.0 0.36336363636363633
619.64935 -58.384148 784.3873 9 1 0.0 0.36336363636363633
640.3185 -57.87946 809.1037 9 1 0.0 0.36336363636363633
660.9422 -57.227806 833.7165 9 1 0.0 0.36336363636363633
681.8219 -56.403446 858.14935 9 1 0.0 0.36336363636363633
702.2976 -55.461136 882.6249 9 1 0.0 0.36336363636363633
743.7954 -53.07781 931.7645 9 1 0.0 0.36336363636363633
764.7937 -51.642067 956.4565 9 1 0.0 0.36336363636363633
785.4795 -50.07636 980.99915 9 1 0.0 0.36336363636363633
806.0492 -48.36515 1005.76434 9 1 0.0 0.36336363636363633
826.80817 -46.489765 1030.4286 9 1 0.0 0.36336363636363633
847.46954 -44.46721 1054.8245 9 1 0.0 0.36336363636363633
-106.66441 -99.8363 163.67012 10 5 0.18209090909090908 0.727
-120.73034 -114.87973 151.60883 10 5 0.18209090909090908 0.727
-134.7696 -129.94975 139.80695 10 5 0.18209090909090908 0.727
-148.72615 -145.09743 127.586426 10 5 0.18209090909090908 0.727
-162.50562 -160.41443 115.70704 10 5 0.18209090909090908 0.727
-176.35683 -175.6542 103.519196 10 5 0.18209090909090908 0.727
-189.79837 -191.29544 91.77199 10 5 0.18209090909090908 0.727
-203.36797 -206.79953 79.479 10 5 0.18209090909090908 0.727
-216.73128 -222.50198 67.54658 10 5 0.18209090909090908 0.727
-229.98222 -238.30751 55.423073 10 5 0.18209090909090908 0.727
-243.34296 -253.98349 43.5721 10 5 0.18209090909090908 0.727
-256.40015 -269.9584 31.426804 10 5 0.18209090909090908 0.727
-269.50705 -285.86166 19.416994 10 5 0.18209090909090908 0.727
-295.1825 -318.17477 -4.5784698 10 5 0.18209090909090908 0.727
-307.82443 -334.5067 -16.588982 10 5 0.18209090909090908 0.727
-320.4226 -350.8601 -28.771288 10 5 0.18209090909090908 0.727
-332.87387 -367.34616 -40.77282 10 5 0.18209090909090908 0.727
-345.40182 -383.7164 -52.888584 10 5 0.18209090909090908 0.727
-357.65622 -400.3574 -64.737045 10 5 0.18209090909090908 0.727
-369.7161 -417.18314 -76.990875 10 5 0.18209090909090908 0.727
-381.85876 -433.8796 -88.976006 10 5 0.18209090909090908 0.727
-393.68692 -450.89584 -101.184494 10 5 0.18209090909090908 0.727
-405.6111 -467.76254 -113.13468 10 5 0.18209090909090908 0.727
-417.3277 -484.82614 -125.27307 10 5 0.18209090909090908 0.727
-428.83057 -502.09534 -137.33366 10 5 0.18209090909090908 0.727
-440.45877 -519.172 -149.426 10 5 0.18209090909090908 0.727
-451.8498 -536.47943 -161.55872 10 5 0.18209090909090908 0.727
-463.18497 -553.803 -173.82149 10 5 0.18209090909090908 0.727
-474.37106 -571.2524 -185.74748 10 5 0.18209090909090908 0.727
-485.36945 -588.87445 -198.01065 10 5 0.18209090909090908 0.727
-496.3256 -606.4922 -210.0401 10 5 0.18209090909090908 0.727
-507.2147 -624.1333 -222.06085 10 5 0.18209090909090908 0.727
-517.7934 -642.09705 -234.14354 10 5 0.18209090909090908 0.727
-528.5825 -659.7373 -246.24727 10 5 0.18209090909090908 0.727
-114.73383 8.270845 -203.78845 11 10 0.6366363636363637 1.0
-135.56477 10.085241 -208.00955 11 10 0.6366363636363637 1.0
-155.70667 12.110309 -212.54626 11 10 0.6366363636363637 1.0
-176.42374 14.2501135 -216.96045 11 10 0.6366363636363637 1.0
-197.02715 16.556736 -221.23701 11 10 0.6366363636363637 1.0
-217.27972 19.0518 -225.58144 11 10 0.6366363636363637 1.0
-237.95317 21.668352 -229.91792 11 10 0.6366363636363637 1.0
-258.1175 24.489752 -234.32387 11 10 0.6366363636363637 1.0
-278.6464 27.435192 -238.73236 11 10 0.6366363636363637 1.0
-299.06903 30.548443 -243.28604 11 10 0.6366363636363637 1.0
-319.40338 33.828423 -247.70235 11 10 0.6366363636363637 1.0
-339.51062 37.291004 -251.8301 11 10 0.6366363636363637 1.0
-360.1882 40.84787 -256.40613 11 10 0.6366363636363637 1.0
-380.14478 44.643616 -260.7788 11 10 0.6366363636363637 1.0
-400.65045 48.532215 -265.1021 11 10 0.6366363636363637 1.0
-420.87186 52.61109 -269.49023 11 10 0.6366363636363637 1.0
-440.9708 56.862247 -273.89874 11 10 0.6366363636363637 1.0
-461.26355 61.24464 -278.25772 11 10 0.6366363636363637 1.0
-481.38422 65.80554 -282.64798 11 10 0.6366363636363637 1.0
-501.61868 70.506294 -286.95987 11 10 0.6366363636363637 1.0
-521.77875 75.37224 -291.5471 11 10 0.6366363636363637 1.0
-541.60486 80.442245 -296.01547 11 10 0.6366363636363637 1.0
-561.8694 85.602036 -300.25888 11 10 0.6366363636363637 1.0
-581.96875 90.9402 -304.53394 11 10 0.6366363636363637 1.0
-601.89014 96.4602 -308.91696 11 10 0.6366363636363637 1.0
-621.7002 102.15259 -313.57758 11 10 0.6366363636363637 1.0
-641.6291 107.97938 -317.8666 11 10 0.6366363636363637 1.0
-661.63495 113.945724 -322.3564 11 10 0.6366363636363637 1.0
-681.3888 120.10805 -326.70642 11 10 0.6366363636363637 1.0
-701.08417 126.43383 -330.9442 11 10 0.6366363636363637 1.0
-720.93097 132.8844 -335.4862 11 10 0.6366363636363637 1.0
-740.6543 139.50902 -339.87906 11 10 0.6366363636363637 1.0
-760.5328 146.25487 -344.42145 11 10 0.6366363636363637 1.0
-780.12616 153.20581 -348.73605 11 10 0.6366363636363637 1.0
-799.6266 160.32602 -353.19855 11 10 0.6366363636363637 1.0
37.594822 -127.49902 -112.23094 12 11 0.7275454545454545 1.0
44.005257 -147.21408 -104.88067 12 11 0.7275454545454545 1.0
50.396957 -166.69588 -97.32261 12 11 0.7275454545454545 1.0
56.73247 -186.07353 -89.734535 12 11 0.7275454545454545 1.0
62.819042 -205.97844 -82.2876 12 11 0.7275454545454545 1.0
68.85227 -225.76619 -74.57518 12 11 0.7275454545454545 1.0
74.78703 -245.58496 -67.22964 12 11 0.7275454545454545 1.0
80.725624 -265.09827 -59.9442 12 11 0.7275454545454545 1.0
86.52432 -284.77606 -52.07751 12 11 0.7275454545454545 1.0
92.15487 -304.7119 -44.7602 12 11 0.7275454545454545 1.0
97.737656 -324.50793 -36.951412 12 11 0.7275454545454545 1.0
103.2172 -344.34613 -29.775246 12 11 0.7275454545454545 1.0
108.56775 -364.3123 -22.065367 12 11 0.7275454545454545 1.0
113.88202 -384.09433 -14.685871 12 11 0.7275454545454545 1.0
118.98743 -404.27362 -7.103456 12 11 0.7275454545454545 1.0
124.08672 -424.16336 0.41467345 12 11 0.7275454545454545 1.0
129.08514 -444.0825 7.883166 12 11 0.7275454545454545 1.0
133.90083 -464.3139 15.473166 12 11 0.7275454545454545 1.0
138.73665 -484.15457 22.893646 12 11 0.7275454545454545 1.0
143.27524 -504.71082 30.431479 12 11 0.7275454545454545 1.0
147.92221 -524.5596 37.976776 12 11 0.7275454545454545 1.0
152.35014 -544.85284 45.512558 12 11 0.7275454545454545 1.0
156.80162 -564.7258 53.102596 12 11 0.7275454545454545 1.0
161.05566 -584.96924 60.65139 12 11 0.7275454545454545 1.0
165.17587 -605.3581 68.07793 12 11 0.7275454545454545 1.0
173.22646 -645.79193 83.034035 12 11 0.7275454545454545 1.0
177.08737 -666.08887 90.545525 12 11 0.7275454545454545 1.0
180.84895 -686.4002 98.14743 12 11 0.7275454545454545 1.0
184.53926 -706.61725 105.74483 12 11 0.7275454545454545 1.0
188.07953 -727.04034 113.24645 12 11 0.7275454545454545 1.0
191.52391 -747.46234 120.76932 12 11 0.7275454545454545 1.0
194.84686 -767.9824 128.35815 12 11 0.7275454545454545 1.0
198.07996 -788.47614 135.77892 12 11 0.7275454545454545 1.0
201.25581 -808.81006 143.37885 12 11 0.7275454545454545 1.0
-142.90593 45.641434 -47.6227 13 9 0.5457272727272728 1.0
-161.6805 53.904827 -39.303497 13 9 0.5457272727272728 1.0
-180.52657 62.651417 -31.058733 13 9 0.5457272727272728 1.0
-199.11346 71.98033 -22.52787 13 9 0.5457272727272728 1.0
-235.5096 92.35504 -6.104421 13 9 0.5457272727272728 1.0
-253.18906 103.43649 2.4341447 13 9 0.5457272727272728 1.0
-270.6508 115.05206 10.726195 13 9 0.5457272727272728 1.0
-287.79727 127.231476 19.011484 13 9 0.5457272727272728 1.0
-304.66415 139.94875 27.332798 13 9 0.5457272727272728 1.0
-321.08505 153.27055 35.8513 13 9 0.5457272727272728 1.0
-337.23596 167.10461 44.52953 13 9 0.5457272727272728 1.0
-353.03522 181.47696 53.018112 13 9 0.5457272727272728 1.0
-368.3766 196.43123 61.620213 13 9 0.5457272727272728 1.0
-383.28363 211.94614 70.05954 13 9 0.5457272727272728 1.0
-397.89752 227.92966 78.77719 13 9 0.5457272727272728 1.0
-411.87576 244.56355 87.58143 13 9 0.5457272727272728 1.0
-425.66977 261.56848 96.09378 13 9 0.5457272727272728 1.0
-438.79984 279.21698 105.05693 13 9 0.5457272727272728 1.0
-451.5832 297.2966 113.79636 13 9 0.5457272727272728 1.0
-463.73953 315.97137 122.73636 13 9 0.5457272727272728 1.0
-475.34305 335.179 131.79811 13 9 0.5457272727272728 1.0
-486.55005 354.78787 140.57936 13 9 0.5457272727272728 1.0
-496.99222 375.0439 149.68 13 9 0.5457272727272728 1.0
-507.01312 395.67188 158.84178 13 9 0.5457272727272728 1.0
-516.3375 416.85687 168.1838 13 9 0.5457272727272728 1.0
-525.0375 438.52002 177.40096 13 9 0.5457272727272728 1.0
-532.9953 460.73468 186.82823 13 9 0.5457272727272728 1.0
-540.43365 483.27954 196.43503 13 9 0.5457272727272728 1.0
-546.9734 506.4582 205.9238 13 9 0.5457272727272728 1.0
-552.7969 530.0789 215.67223 13 9 0.5457272727272728 1.0
-557.83636 554.1691 225.57574 13 9 0.5457272727272728 1.0
-562.1702 578.6086 235.38731 13 9 0.5457272727272728 1.0
-565.6509 603.49896 245.41844 13 9 0.5457272727272728 1.0
-568.2816 628.7887 255.57237 13 9 0.5457272727272728 1.0
82.26012 117.62278 165.72438 14 5 0.18209090909090908 0.727
93.80631 134.72375 153.8524 14 5 0.18209090909090908 0.727
105.02324 152.1424 142.30139 14 5 0.18209090909090908 0.727
116.16145 169.5133 130.59877 14 5 0.18209090909090908 0.727
127.21924 186.83043 118.64224 14 5 0.18209090909090908 0.727
137.95343 204.44437 106.95351 14 5 0.18209090909090908 0.727
148.38033 222.33047 95.0972 14 5 0.18209090909090908 0.727
158.61311 240.31699 83.422356 14 5 0.18209090909090908 0.727
178.49857 276.5645 59.77525 14 5 0.18209090909090908 0.727
188.1006 294.89236 48.25823 14 5 0.18209090909090908 0.727
197.45013 313.39035 36.394474 14 5 0.18209090909090908 0.727
206.6302 331.92172 24.420837 14 5 0.18209090909090908 0.727
215.48267 350.7353 12.792883 14 5 0.18209090909090908 0.727
224.22289 369.47717 1.17261 14 5 0.18209090909090908 0.727
232.58919 388.57178 -10.8571205 14 5 0.18209090909090908 0.727
240.80367 407.6473 -22.773012 14 5 0.18209090909090908 0.727
248.74663 426.89832 -34.840965 14 5 0.18209090909090908 0.727
263.8339 465.8878 -58.37191 14 5 0.18209090909090908 0.727
271.14383 485.32297 -70.19005 14 5 0.18209090909090908 0.727
278.04987 505.15326 -82.42371 14 5 0.18209090909090908 0.727
284.78122 524.96313 -94.20738 14 5 0.18209090909090908 0.727
291.25623 544.89404 -106.19624 14 5 0.18209090909090908 0.727
297.441 565.0055 -118.07735 14 5 0.18209090909090908 0.727
303.34842 585.27045 -130.09747 14 5 0.18209090909090908 0.727
309.21417 605.2238 -142.11797 14 5 0.18209090909090908 0.727
314.64862 625.6155 -154.05896 14 5 0.18209090909090908 0.727
319.71033 646.33734 -166.23874 14 5 0.18209090909090908 0.727
324.71722 666.7419 -178.22247 14 5 0.18209090909090908 0.727
329.42526 687.3119 -190.30656 14 5 0.18209090909090908 0.727
333.83664 708.0402 -202.28668 14 5 0.18209090909090908 0.727
337.93774 728.95325 -214.39908 14 5 0.18209090909090908 0.727
341.78348 749.929 -226.70792 14 5 0.18209090909090908 0.727
345.4192 770.8584 -238.6874 14 5 0.18209090909090908 0.727
98.9846 -112.43975 -11.38022 15 1 0.0 0.36336363636363633
112.84602 -127.68885 -20.912304 15 1 0.0 0.36336363636363633
126.74239 -142.92696 -30.567266 15 1 0.0 0.36336363636363633
141.05193 -157.72748 -39.87935 15 1 0.0 0.36336363636363633
155.36482 -172.55045 -49.371964 15 1 0.0 0.36336363636363633
169.77641 -187.2864 -58.879185 15 1 0.0 0.36336363636363633
184.23589 -201.98897 -68.32612 15 1 0.0 0.36336363636363633
198.83589 -216.554 -77.61256 15 1 0.0 0.36336363636363633
213.82764 -230.70918 -87.12288 15 1 0.0 0.36336363636363633
228.61467 -245.09866 -96.75796 15 1 0.0 0.36336363636363633
243.77219 -259.1013 -106.21423 15 1 0.0 0.36336363636363633
258.89227 -273.15213 -115.65438 15 1 0.0 0.36336363636363633
274.09695 -287.1181 -125.02292 15 1 0.0 0.36336363636363633
289.45404 -300.92633 -134.36845 15 1 0.0 0.36336363636363633
305.0263 -314.5114 -143.95912 15 1 0.0 0.36336363636363633
320.5907 -328.1024 -153.46107 15 1 0.0 0.36336363636363633
336.24756 -341.5929 -163.1268 15 1 0.0 0.36336363636363633
352.19357 -354.78275 -172.60818 15 1 0.0 0.36336363636363633
368.1824 -367.9208 -181.99786 15 1 0.0 0.36336363636363633
384.35535 -380.8637 -191.47136 15 1 0.0 0.36336363636363633
400.61542 -393.70694 -201.20192 15 1 0.0 0.36336363636363633
416.85333 -406.5551 -210.63359 15 1 0.0 0.36336363636363633
433.2595 -419.2192 -220.08073 15 1 0.0 0.36336363636363633
449.7528 -431.7769 -229.55353 15 1 0.0 0.36336363636363633
466.49377 -444.0733 -239.08482 15 1 0.0 0.36336363636363633
483.06232 -456.50687 -248.60193 15 1 0.0 0.36336363636363633
500.07672 -468.49036 -258.13867 15 1 0.0 0.36336363636363633
516.9566 -480.56927 -267.7681 15 1 0.0 0.36336363636363633
533.94403 -492.51358 -277.27356 15 1 0.0 0.36336363636363633
551.3934 -503.9977 -286.77933 15 1 0.0 0.36336363636363633
586.15375 -526.98193 -305.94843 15 1 0.0 0.36336363636363633
603.5334 -538.4111 -315.63385 15 1 0.0 0.36336363636363633
621.3429 -549.4125 -325.13583 15 1 0.0 0.36336363636363633
638.859 -560.62646 -334.73505 15 1 0.0 0.36336363636363633
-8.068951 92.41937 37.99523 16 0 0.0 0.27245454545454545
-11.758713 112.569466 28.449827 16 0 0.0 0.27245454545454545
-19.475489 153.24246 9.712662 16 0 0.0 0.27245454545454545
-23.555595 173.30566 0.27955872 16 0 0.0 0.27245454545454545
-27.772362 193.29938 -8.975958 16 0 0.0 0.27245454545454545
-32.058384 213.67473 -18.499006 16 0 0.0 0.27245454545454545
-36.532597 233.62003 -27.842854 16 0 0.0 0.27245454545454545
-41.096813 253.78471 -37.21785 16 0 0.0 0.27245454545454545
-50.650898 293.7721 -56.11626 16 0 0.0 0.27245454545454545
-55.566727 314.02542 -65.5595 16 0 0.0 0.27245454545454545
-60.665985 333.92953 -74.900604 16 0 0.0 0.27245454545454545
-65.93279 353.59238 -84.43606 16 0 0.0 0.27245454545454545
-71.24341 373.67654 -93.73985 16 0 0.0 0.27245454545454545
-76.69305 393.66223 -103.0362 16 0 0.0 0.27245454545454545
-82.311325 413.40417 -112.38463 16 0 0.0 0.27245454545454545
-88.02528 433.27344 -121.89829 16 0 0.0 0.27245454545454545
-93.85053 453.1843 -131.49843 16 0 0.0 0.27245454545454545
-99.84112 472.87555 -140.85817 16 0 0.0 0.27245454545454545
-105.9164 492.7315 -150.22688 16 0 0.0 0.27245454545454545
-112.11931 512.54443 -159.66699 16 0 0.0 0.27245454545454545
-118.52229 531.9887 -169.11087 16 0 0.0 0.27245454545454545
-125.0181 551.5535 -178.62802 16 0 0.0 0.27245454545454545
-131.58453 571.3264 -188.11928 16 0 0.0 0.27245454545454545
-138.38086 590.61456 -197.69017 16 0 0.0 0.27245454545454545
-145.19322 610.3369 -207.00449 16 0 0.0 0.27245454545454545
-152.19606 629.74884 -216.53503 16 0 0.0 0.27245454545454545
-166.56984 668.5027 -235.32608 16 0 0.0 0.27245454545454545
-173.91434 687.9459 -244.67046 16 0 0.0 0.27245454545454545
-181.37827 707.3711 -254.26357 16 0 0.0 0.27245454545454545
-196.75006 745.8357 -273.121 16 0 0.0 0.27245454545454545
-204.65675 764.88464 -282.66785 16 0 0.0 0.27245454545454545
130.93616 -68.54681 280.0806 17 4 0.0911818181818182 0.636090909090909
148.10841 -79.8307 281.52277 17 4 0.0911818181818182 0.636090909090909
165.27837 -91.26621 283.0101 17 4 0.0911818181818182 0.636090909090909
182.36748 -102.88974 284.57886 17 4 0.0911818181818182 0.636090909090909
199.10371 -114.85352 286.11246 17 4 0.0911818181818182 0.636090909090909
215.85036 -126.94868 287.34232 17 4 0.0911818181818182 0.636090909090909
232.51591 -139.2221 288.85278 17 4 0.0911818181818182 0.636090909090909
248.63786 -151.95126 290.63818 17 4 0.0911818181818182 0.636090909090909
265.11417 -164.58865 292.0099 17 4 0.0911818181818182 0.636090909090909
281.2083 -177.58049 293.3186 17 4 0.0911818181818182 0.636090909090909
297.0798 -190.8289 295.05133 17 4 0.0911818181818182 0.636090909090909
312.89383 -204.22542 296.37857 17 4 0.0911818181818182 0.636090909090909
328.57288 -217.81543 297.94202 17 4 0.0911818181818182 0.636090909090909
344.14142 -231.57887 299.18616 17 4 0.0911818181818182 0.636090909090909
359.3559 -245.67772 300.78366 17 4 0.0911818181818182 0.636090909090909
374.36597 -260.01114 302.30884 17 4 0.0911818181818182 0.636090909090909
389.21805 -274.54456 303.63684 17 4 0.0911818181818182 0.636090909090909
404.2639 -289.02307 305.40137 17 4 0.0911818181818182 0.636090909090909
418.80774 -303.93704 306.55164 17 4 0.0911818181818182 0.636090909090909
433.18924 -319.04367 308.09088 17 4 0.0911818181818182 0.636090909090909
447.38043 -334.3603 309.57214 17 4 0.0911818181818182 0.636090909090909
461.43057 -349.84674 311.04715 17 4 0.0911818181818182 0.636090909090909
475.20053 -365.60547 312.50504 17 4 0.0911818181818182 0.636090909090909
489.12198 -381.29984 314.1276 17 4 0.0911818181818182 0.636090909090909
502.4505 -397.50403 315.64804 17 4 0.0911818181818182 0.636090909090909
515.8109 -413.72702 317.16864 17 4 0.0911818181818182 0.636090909090909
528.9803 -430.13928 318.6295 17 4 0.0911818181818182 0.636090909090909
541.8203 -446.8513 320.0592 17 4 0.0911818181818182 0.636090909090909
554.45044 -463.7642 321.59265 17 4 0.0911818181818182 0.636090909090909
567.0188 -480.74924 323.3909 17 4 0.0911818181818182 0.636090909090909
579.21014 -498.069 324.6988 17 4 0.0911818181818182 0.636090909090909
591.35913 -515.43414 326.11145 17 4 0.0911818181818182 0.636090909090909
603.29126 -532.9893 327.5359 17 4 0.0911818181818182 0.636090909090909
614.8851 -550.8397 329.21625 17 4 0.0911818181818182 0.636090909090909
626.27905 -568.8605 330.782 17 4 0.0911818181818182 0.636090909090909
-109.77268 -34.597237 69.91517 18 0 0.0 0.27245454545454545
-130.26839 -35.26257 66.28701 18 0 0.0 0.27245454545454545
-150.963 -35.683212 62.366875 18 0 0.0 0.27245454545454545
-171.59087 -35.932217 58.17557 18 0 0.0 0.27245454545454545
-192.21191 -35.99167 54.575123 18 0 0.0 0.27245454545454545
-212.84589 -35.857082 50.369198 18 0 0.0 0.27245454545454545
-233.16432 -35.578632 46.58592 18 0 0.0 0.27245454545454545
-253.79053 -35.056194 42.641197 18 0 0.0 0.27245454545454545
-274.6101 -34.31706 38.72413 18 0 0.0 0.27245454545454545
-295.03558 -33.43424 34.69007 18 0 0.0 0.27245454545454545
-315.86264 -32.31262 30.911308 18 0 0.0 0.27245454545454545
-336.3428 -31.033709 27.014181 18 0 0.0 0.27245454545454545
-357.1097 -29.534653 22.978632 18 0 0.0 0.27245454545454545
-377.66452 -27.860106 19.044855 18 0 0.0 0.27245454545454545
-398.18924 -25.99251 15.08798 18 0 0.0 0.27245454545454545
-418.5489 -23.938894 11.058991 18 0 0.0 0.27245454545454545
-439.26532 -21.669739 6.9759345 18 0 0.0 0.27245454545454545
-459.66647 -19.221447 3.044373 18 0 0.0 0.27245454545454545
-480.37137 -16.565752 -0.8461437 18 0 0.0 0.27245454545454545
-501.0155 -13.7193165 -4.640696 18 0 0.0 0.27245454545454545
-521.409 -10.684838 -8.817508 18 0 0.0 0.27245454545454545
-541.9074 -7.452485 -12.681492 18 0 0.0 0.27245454545454545
-562.3306 -4.025892 -16.53749 18 0 0.0 0.27245454545454545
-582.9359 -0.4036614 -20.509722 18 0 0.0 0.27245454545454545
-603.2778 3.412968 -24.559206 18 0 0.0 0.27245454545454545
-623.7228 7.424317 -28.528112 18 0 0.0 0.27245454545454545
-643.9381 11.634137 -32.33201 18 0 0.0 0.27245454545454545
-664.6419 16.028934 -36.33682 18 0 0.0 0.27245454545454545
-684.78705 20.631046 -40.42927 18 0 0.0 0.27245454545454545
-704.9332 25.429888 -44.351112 18 0 0.0 0.27245454545454545
-725.5869 30.403725 -48.275707 18 0 0.0 0.27245454545454545
-745.59515 35.598263 -52.300797 18 0 0.0 0.27245454545454545
-765.709 40.984035 -56.309093 18 0 0.0 0.27245454545454545
-785.7722 46.567917 -60.44454 18 0 0.0 0.27245454545454545
-805.9625 52.33868 -64.2625 18 0 0.0 0.27245454545454545
72.55005 -123.58824 225.84306 19 4 0.0911818181818182 0.636090909090909
81.29277 -142.24411 219.34543 19 4 0.0911818181818182 0.636090909090909
89.95404 -160.8705 212.5573 19 4 0.0911818181818182 0.636090909090909
98.424774 -179.65929 206.23883 19 4 0.0911818181818182 0.636090909090909
106.72405 -198.57971 199.73734 19 4 0.0911818181818182 0.636090909090909
114.97523 -217.40057 193.48848 19 4 0.0911818181818182 0.636090909090909
123.04844 -236.36171 186.99272 19 4 0.0911818181818182 0.636090909090909
131.03906 -255.2796 180.40749 19 4 0.0911818181818182 0.636090909090909
138.85692 -274.32657 173.74887 19 4 0.0911818181818182 0.636090909090909
146.48785 -293.53256 167.38004 19 4 0.0911818181818182 0.636090909090909
153.87547 -313.01477 160.81073 19 4 0.0911818181818182 0.636090909090909
161.26843 -332.26825 154.27225 19 4 0.0911818181818182 0.636090909090909
168.59294 -351.434 147.73619 19 4 0.0911818181818182 0.636090909090909
175.779 -370.65274 141.38518 19 4 0.0911818181818182 0.636090909090909
182.63625 -390.32953 134.7809 19 4 0.0911818181818182 0.636090909090909
189.56471 -409.61285 128.16888 19 4 0.0911818181818182 0.636090909090909
196.22658 -429.22375 121.89434 19 4 0.0911818181818182 0.636090909090909
209.20015 -468.45462 109.01335 19 4 0.0911818181818182 0.636090909090909
215.48975 -488.11777 102.36056 19 4 0.0911818181818182 0.636090909090909
221.58157 -507.9616 95.85116 19 4 0.0911818181818182 0.636090909090909
227.58978 -527.72437 89.35932 19 4 0.0911818181818182 0.636090909090909
233.44951 -547.5519 82.8652 19 4 0.0911818181818182 0.636090909090909
239.25272 -567.22473 76.16152 19 4 0.0911818181818182 0.636090909090909
244.65147 -587.5694 69.87296 19 4 0.0911818181818182 0.636090909090909
250.10081 -607.50104 63.116573 19 4 0.0911818181818182 0.636090909090909
255.43764 -627.40234 56.52609 19 4 0.0911818181818182 0.636090909090909
260.5758 -647.4829 50.08898 19 4 0.0911818181818182 0.636090909090909
265.55728 -667.6404 43.633915 19 4 0.0911818181818182 0.636090909090909
270.41815 -687.78217 37.102867 19 4 0.0911818181818182 0.636090909090909
275.05765 -708.1637 30.732725 19 4 0.0911818181818182 0.636090909090909
279.62335 -728.40594 23.886913 19 4 0.0911818181818182 0.636090909090909
284.03772 -748.7047 17.567913 19 4 0.0911818181818182 0.636090909090909
288.38644 -768.8301 10.894365 19 4 0.0911818181818182 0.636090909090909
292.435 -789.4057 4.284152 19 4 0.0911818181818182 0.636090909090909
-127.49737 70.03106 -143.3756 20 6 0.27299999999999996 0.8179090909090909
-144.8745 81.00191 -123.24863 20 6 0.27299999999999996 0.8179090909090909
-162.3115 91.86779 -103.57553 20 6 0.27299999999999996 0.8179090909090909
-180.05363 102.488014 -83.48468 20 6 0.27299999999999996 0.8179090909090909
-197.60832 113.14141 -63.618866 20 6 0.27299999999999996 0.8179090909090909
-215.44714 123.55854 -43.597855 20 6 0.27299999999999996 0.8179090909090909
-233.19484 133.95345 -23.859612 20 6 0.27299999999999996 0.8179090909090909
-251.13425 144.16327 -3.7090788 20 6 0.27299999999999996 0.8179090909090909
-269.0029 154.33795 16.19318 20 6 0.27299999999999996 0.8179090909090909
-287.1651 164.26794 36.232662 20 6 0.27299999999999996 0.8179090909090909
-305.21558 174.18481 55.899208 20 6 0.27299999999999996 0.8179090909090909
-323.3191 183.9933 76.08503 20 6 0.27299999999999996 0.8179090909090909
-341.59683 193.62387 95.90478 20 6 0.27299999999999996 0.8179090909090909
-359.8238 203.20363 115.8828 20 6 0.27299999999999996 0.8179090909090909
-378.16275 212.63953 135.774 20 6 0.27299999999999996 0.8179090909090909
-396.62088 221.92719 155.73294 20 6 0.27299999999999996 0.8179090909090909
-415.1592 231.08812 175.74706 20 6 0.27299999999999996 0.8179090909090909
-433.5367 240.25528 195.83522 20 6 0.27299999999999996 0.8179090909090909
-452.25766 249.14815 216.0178 20 6 0.27299999999999996 0.8179090909090909
-470.96375 257.9649 235.77649 20 6 0.27299999999999996 0.8179090909090909
-489.602 266.73303 255.81215 20 6 0.27299999999999996 0.8179090909090909
-508.44125 275.30502 275.60095 20 6 0.27299999999999996 0.8179090909090909
-527.32837 283.76398 295.58722 20 6 0.27299999999999996 0.8179090909090909
-546.2137 292.13565 315.73596 20 6 0.27299999999999996 0.8179090909090909
-565.1071 300.41348 335.93033 20 6 0.27299999999999996 0.8179090909090909
-584.23956 308.47427 355.8613 20 6 0.27299999999999996 0.8179090909090909
-603.2547 316.5062 375.65057 20 6 0.27299999999999996 0.8179090909090909
-622.5863 324.28067 395.68973 20 6 0.27299999999999996 0.8179090909090909
-641.7255 332.06314 415.99033 20 6 0.27299999999999996 0.8179090909090909
-660.9769 339.69373 436.0933 20 6 0.27299999999999996 0.8179090909090909
-680.26434 347.21118 455.97525 20 6 0.27299999999999996 0.8179090909090909
-699.7919 354.5112 476.07898 20 6 0.27299999999999996 0.8179090909090909
-719.21094 361.77048 496.1034 20 6 0.27299999999999996 0.8179090909090909
-738.6258 368.93454 516.3368 20 6 0.27299999999999996 0.8179090909090909
-758.08124 375.9798 536.3117 20 6 0.27299999999999996 0.8179090909090909
66.321365 120.56575 -173.24216 21 7 0.3639090909090909 0.9088181818181817
75.94568 138.84935 -179.06538 21 7 0.3639090909090909 0.9088181818181817
85.53463 157.0507 -184.97696 21 7 0.3639090909090909 0.9088181818181817
95.01938 175.29349 -190.69232 21 7 0.3639090909090909 0.9088181818181817
104.385544 193.60281 -196.48239 21 7 0.3639090909090909 0.9088181818181817
113.58406 212.06921 -202.12819 21 7 0.3639090909090909 0.9088181818181817
122.63129 230.66264 -208.049 21 7 0.3639090909090909 0.9088181818181817
131.73969 248.98138 -213.59245 21 7 0.3639090909090909 0.9088181818181817
149.33734 286.30197 -225.00426 21 7 0.3639090909090909 0.9088181818181817
157.94864 305.07285 -230.9103 21 7 0.3639090909090909 0.9088181818181817
166.51831 323.75412 -236.68234 21 7 0.3639090909090909 0.9088181818181817
174.8384 342.74887 -242.52867 21 7 0.3639090909090909 0.9088181818181817
183.14725 361.5911 -248.24756 21 7 0.3639090909090909 0.9088181818181817
191.27585 380.61115 -254.03912 21 7 0.3639090909090909 0.9088181818181817
199.3778 399.50262 -259.71606 21 7 0.3639090909090909 0.9088181818181817
207.33673 418.49533 -265.53552 21 7 0.3639090909090909 0.9088181818181817
215.05455 437.78854 -271.38266 21 7 0.3639090909090909 0.9088181818181817
222.71617 457.0077 -277.0414 21 7 0.3639090909090909 0.9088181818181817
230.32082 476.1501 -282.92633 21 7 0.3639090909090909 0.9088181818181817
237.78894 495.3772 -288.78613 21 7 0.3639090909090909 0.9088181818181817
245.1918 514.5389 -294.42535 21 7 0.3639090909090909 0.9088181818181817
252.38112 533.94495 -300.26358 21 7 0.3639090909090909 0.9088181818181817
259.39197 553.524 -305.9528 21 7 0.3639090909090909 0.9088181818181817
266.439 572.81604 -311.97696 21 7 0.3639090909090909 0.9088181818181817
273.25647 592.38776 -317.6051 21 7 0.3639090909090909 0.9088181818181817
279.84442 612.24347 -323.3716 21 7 0.3639090909090909 0.9088181818181817
286.52948 631.6677 -329.3432 21 7 0.3639090909090909 0.9088181818181817
292.9722 651.4018 -335.17368 21 7 0.3639090909090909 0.9088181818181817
299.28543 671.198 -340.98206 21 7 0.3639090909090909 0.9088181818181817
305.55264 690.86664 -346.60904 21 7 0.3639090909090909 0.9088181818181817
311.6022 710.7933 -352.32977 21 7 0.3639090909090909 0.9088181818181817
317.52182 730.7804 -358.22943 21 7 0.3639090909090909 0.9088181818181817
323.4878 750.41797 -363.89905 21 7 0.3639090909090909 0.9088181818181817
329.16232 770.48486 -369.73926 21 7 0.3639090909090909 0.9088181818181817
-148.13487 18.208021 -112.23131 22 9 0.5457272727272728 1.0
-168.5619 20.593946 -114.19171 22 9 0.5457272727272728 1.0
-189.05367 23.171337 -116.50862 22 9 0.5457272727272728 1.0
-209.43367 25.961569 -118.674545 22 9 0.5457272727272728 1.0
-229.84856 28.946337 -120.90892 22 9 0.5457272727272728 1.0
-250.12074 32.147808 -123.04601 22 9 0.5457272727272728 1.0
-270.61923 35.518238 -125.11337 22 9 0.5457272727272728 1.0
-290.8219 39.12525 -127.35277 22 9 0.5457272727272728 1.0
-311.13245 42.915512 -129.44728 22 9 0.5457272727272728 1.0
-331.36594 46.91348 -131.73608 22 9 0.5457272727272728 1.0
-351.40204 51.136856 -133.77821 22 9 0.5457272727272728 1.0
-371.58688 55.53561 -136.11853 22 9 0.5457272727272728 1.0
-392.10782 60.07854 -138.27473 22 9 0.5457272727272728 1.0
-412.03827 64.90664 -140.47208 22 9 0.5457272727272728 1.0
-431.95386 69.933395 -142.65765 22 9 0.5457272727272728 1.0
-492.07727 86.11799 -149.1658 22 9 0.5457272727272728 1.0
-512.0429 91.911224 -151.32695 22 9 0.5457272727272728 1.0
-531.90814 97.91443 -153.55566 22 9 0.5457272727272728 1.0
-571.4663 110.527245 -158.02852 22 9 0.5457272727272728 1.0
-590.95056 117.17768 -160.08966 22 9 0.5457272727272728 1.0
-610.8047 123.94476 -162.34277 22 9 0.5457272727272728 1.0
-630.4055 130.95148 -164.58972 22 9 0.5457272727272728 1.0
-669.51636 145.54811 -168.7999 22 9 0.5457272727272728 1.0
-688.7743 153.19246 -171.06416 22 9 0.5457272727272728 1.0
-708.2353 160.9784 -173.29771 22 9 0.5457272727272728 1.0
-727.40234 169.01703 -175.7274 22 9 0.5457272727272728 1.0
-746.66406 177.2191 -177.71118 22 9 0.5457272727272728 1.0
-765.9361 185.60222 -179.88199 22 9 0.5457272727272728 1.0
-785.0068 194.21713 -182.07462 22 9 0.5457272727272728 1.0
-804.1824 202.988 -184.36722 22 9 0.5457272727272728 1.0
-823.048 212.0186 -186.45927 22 9 0.5457272727272728 1.0
-18.413855 -148.27673 -55.191658 23 8 0.45481818181818184 0.9997272727272728
-19.949623 -168.54591 -36.611763 23 8 0.45481818181818184 0.9997272727272728
-21.226183 -189.40659 -17.75012 23 8 0.45481818181818184 0.9997272727272728
-22.348469 -209.96461 1.1443683 23 8 0.45481818181818184 0.9997272727272728
-23.299814 -230.32814 20.06364 23 8 0.45481818181818184 0.9997272727272728
-24.018505 -251.10373 38.77329 23 8 0.45481818181818184 0.9997272727272728
-24.573051 -271.6009 57.39779 23 8 0.45481818181818184 0.9997272727272728
-24.905418 -292.44333 76.397484 23 8 0.45481818181818184 0.9997272727272728
-25.071499 -312.9944 95.1338 23 8 0.45481818181818184 0.9997272727272728
-25.041908 -333.5803 113.96313 23 8 0.45481818181818184 0.9997272727272728
-24.822514 -354.11926 132.93916 23 8 0.45481818181818184 0.9997272727272728
-24.394258 -374.88776 151.72774 23 8 0.45481818181818184 0.9997272727272728
-23.770355 -395.71704 170.74081 23 8 0.45481818181818184 0.9997272727272728
-22.969372 -416.28113 189.572 23 8 0.45481818181818184 0.9997272727272728
-21.968039 -436.95895 208.33113 23 8 0.45481818181818184 0.9997272727272728
-20.777945 -457.52634 227.26192 23 8 0.45481818181818184 0.9997272727272728
-19.39145 -478.12582 246.37094 23 8 0.45481818181818184 0.9997272727272728
-17.80342 -498.90854 265.20425 23 8 0.45481818181818184 0.9997272727272728
-16.029486 -519.4478 283.91306 23 8 0.45481818181818184 0.9997272727272728
-11.888698 -560.7614 321.9344 23 8 0.45481818181818184 0.9997272727272728
-9.529915 -581.16614 340.79556 23 8 0.45481818181818184 0.9997272727272728
-6.9659266 -602.23096 359.79556 23 8 0.45481818181818184 0.9997272727272728
-4.215098 -622.6401 378.72186 23 8 0.45481818181818184 0.9997272727272728
-1.266277 -643.23914 397.71695 23 8 0.45481818181818184 0.9997272727272728
1.8785981 -663.74963 416.7868 23 8 0.45481818181818184 0.9997272727272728
5.219555 -684.333 435.71796 23 8 0.45481818181818184 0.9997272727272728
8.757079 -704.8625 454.87576 23 8 0.45481818181818184 0.9997272727272728
12.492734 -725.2882 473.77045 23 8 0.45481818181818184 0.9997272727272728
16.420567 -745.9442 492.97543 23 8 0.45481818181818184 0.9997272727272728
20.55098 -766.31433 512.1144 23 8 0.45481818181818184 0.9997272727272728
24.874706 -786.81726 531.22723 23 8 0.45481818181818184 0.9997272727272728
29.4004 -807.158 550.03296 23 8 0.45481818181818184 0.9997272727272728
34.116272 -827.6744 569.4052 23 8 0.45481818181818184 0.9997272727272728
39.037743 -847.97144 588.26935 23 8 0.45481818181818184 0.9997272727272728
-85.51523 114.09173 -183.14012 24 7 0.3639090909090909 0.9088181818181817
-97.555725 130.83916 -190.46832 24 7 0.3639090909090909 0.9088181818181817
-109.750046 147.45862 -197.694 24 7 0.3639090909090909 0.9088181818181817
-122.148285 163.88109 -204.74953 24 7 0.3639090909090909 0.9088181818181817
-134.5435 180.38303 -211.97026 24 7 0.3639090909090909 0.9088181818181817
-147.23352 196.56389 -219.22516 24 7 0.3639090909090909 0.9088181818181817
-159.78651 212.9996 -226.3094 24 7 0.3639090909090909 0.9088181818181817
-172.66135 229.07637 -233.5919 24 7 0.3639090909090909 0.9088181818181817
-185.65875 245.0593 -240.83627 24 7 0.3639090909090909 0.9088181818181817
-198.8423 260.86368 -247.8699 24 7 0.3639090909090909 0.9088181818181817
-211.9383 276.84717 -255.14061 24 7 0.3639090909090909 0.9088181818181817
-225.23361 292.63138 -262.39944 24 7 0.3639090909090909 0.9088181818181817
-238.82423 308.09283 -269.48654 24 7 0.3639090909090909 0.9088181818181817
-252.28331 323.78226 -276.73737 24 7 0.3639090909090909 0.9088181818181817
-265.9062 339.3157 -283.98557 24 7 0.3639090909090909 0.9088181818181817
-279.705 354.67758 -291.17126 24 7 0.3639090909090909 0.9088181818181817
-293.5466 370.0357 -298.50168 24 7 0.3639090909090909 0.9088181818181817
-307.65558 385.1059 -305.60318 24 7 0.3639090909090909 0.9088181818181817
-321.80817 400.1688 -312.80737 24 7 0.3639090909090909 0.9088181818181817
-336.0509 415.16388 -319.9984 24 7 0.3639090909090909 0.9088181818181817
-350.3417 430.1409 -327.16476 24 7 0.3639090909090909 0.9088181818181817
-364.9329 444.78934 -334.537 24 7 0.3639090909090909 0.9088181818181817
-379.52594 459.4739 -341.48703 24 7 0.3639090909090909 0.9088181818181817
-394.0957 474.2209 -348.97324 24 7 0.3639090909090909 0.9088181818181817
-408.9219 488.69147 -356.12997 24 7 0.3639090909090909 0.9088181818181817
-423.9637 502.93628 -363.39807 24 7 0.3639090909090909 0.9088181818181817
-438.98694 517.23254 -370.57855 24 7 0.3639090909090909 0.9088181818181817
-454.25174 531.2714 -377.7455 24 7 0.3639090909090909 0.9088181818181817
-469.47037 545.38904 -385.17245 24 7 0.3639090909090909 0.9088181818181817
-484.70087 559.5134 -392.46698 24 7 0.3639090909090909 0.9088181818181817
-500.26163 573.27606 -399.39062 24 7 0.3639090909090909 0.9088181818181817
-515.8328 587.04486 -406.9414 24 7 0.3639090909090909 0.9088181818181817
-531.6491 600.55115 -414.0664 24 7 0.3639090909090909 0.9088181818181817
-547.4232 614.119 -421.48108 24 7 0.3639090909090909 0.9088181818181817
-563.3278 627.55133 -428.63815 24 7 0.3639090909090909 0.9088181818181817
-23.232113 -134.93127 -65.69027 25 4 0.0911818181818182 0.636090909090909
-31.314344 -154.05916 -115.29537 25 4 0.0911818181818182 0.636090909090909
-40.242104 -172.86444 -165.05823 25 4 0.0911818181818182 0.636090909090909
-49.967136 -191.50156 -214.85379 25 4 0.0911818181818182 0.636090909090909
-60.57301 -209.59778 -264.9249 25 4 0.0911818181818182 0.636090909090909
-72.022766 -227.2809 -315.57938 25 4 0.0911818181818182 0.636090909090909
-84.16209 -244.96886 -366.164 25 4 0.0911818181818182 0.636090909090909
-97.153275 -262.0927 -417.1858 25 4 0.0911818181818182 0.636090909090909
-111.05204 -278.49762 -468.71558 25 4 0.0911818181818182 0.636090909090909
-125.6737 -294.62323 -520.3932 25 4 0.0911818181818182 0.636090909090909
-141.18431 -310.02023 -572.50323 25 4 0.0911818181818182 0.636090909090909
-157.53168 -324.78632 -625.04913 25 4 0.0911818181818182 0.636090909090909
-174.55023 -339.20798 -678.16614 25 4 0.0911818181818182 0.636090909090909
-192.50249 -352.71204 -731.63654 25 4 0.0911818181818182 0.636090909090909
-211.07802 -365.83072 -785.6528 25 4 0.0911818181818182 0.636090909090909
-250.92801 -389.22974 -895.81506 25 4 0.0911818181818182 0.636090909090909
-271.95642 -399.82098 -951.8764 25 4 0.0911818181818182 0.636090909090909
-293.77084 -409.5095 -1008.7818 25 4 0.0911818181818182 0.636090909090909
-316.3321 -418.28632 -1066.4235 25 4 0.0911818181818182 0.636090909090909
-339.6345 -426.08603 -1124.9011 25 4 0.0911818181818182 0.636090909090909
-363.6911 -432.81613 -1184.6971 25 4 0.0911818181818182 0.636090909090909
-388.68335 -438.19296 -1245.1554 25 4 0.0911818181818182 0.636090909090909
-414.23596 -442.5647 -1307.2555 25 4 0.0911818181818182 0.636090909090909
-440.6966 -445.45337 -1370.6727 25 4 0.0911818181818182 0.636090909090909
-495.59756 -447.13983 -1501.4474 25 4 0.0911818181818182 0.636090909090909
-524.1492 -445.57593 -1569.2577 25 4 0.0911818181818182 0.636090909090909
-553.5315 -442.143 -1639.3326 25 4 0.0911818181818182 0.636090909090909
-583.28094 -437.03778 -1711.9502 25 4 0.0911818181818182 0.636090909090909
-613.8601 -429.69025 -1786.7533 25 4 0.0911818181818182 0.636090909090909
-645.21185 -419.92548 -1864.5376 25 4 0.0911818181818182 0.636090909090909
-676.9289 -407.72125 -1945.7906 25 4 0.0911818181818182 0.636090909090909
-709.46564 -392.4346 -2031.1086 25 4 0.0911818181818182 0.636090909090909
-742.59595 -373.7631 -2121.477 25 4 0.0911818181818182 0.636090909090909
82.76434 -67.2844 -214.21442 26 9 0.5457272727272728 1.0
100.00341 -78.6278 -232.75128 26 9 0.5457272727272728 1.0
117.2188 -89.9004 -251.33069 26 9 0.5457272727272728 1.0
134.89284 -100.72936 -269.60074 26 9 0.5457272727272728 1.0
152.2823 -111.67299 -288.46088 26 9 0.5457272727272728 1.0
170.07127 -122.217995 -307.06406 26 9 0.5457272727272728 1.0
187.61699 -132.82742 -325.5948 26 9 0.5457272727272728 1.0
205.76865 -142.89497 -344.12024 26 9 0.5457272727272728 1.0
223.6981 -153.00137 -362.87152 26 9 0.5457272727272728 1.0
260.2188 -172.39569 -400.1403 26 9 0.5457272727272728 1.0
278.69498 -181.76021 -418.74954 26 9 0.5457272727272728 1.0
297.1452 -191.00987 -437.37732 26 9 0.5457272727272728 1.0
315.86322 -199.95222 -456.2864 26 9 0.5457272727272728 1.0
334.578 -208.75832 -474.74088 26 9 0.5457272727272728 1.0
353.48962 -217.29955 -493.42337 26 9 0.5457272727272728 1.0
372.45456 -225.66281 -512.1691 26 9 0.5457272727272728 1.0
391.63962 -233.74469 -530.9123 26 9 0.5457272727272728 1.0
410.8698 -241.64871 -549.77435 26 9 0.5457272727272728 1.0
430.13596 -249.37625 -568.6898 26 9 0.5457272727272728 1.0
449.74823 -256.74603 -587.02423 26 9 0.5457272727272728 1.0
469.10013 -264.10324 -606.1391 26 9 0.5457272727272728 1.0
488.8089 -271.09418 -624.72614 26 9 0.5457272727272728 1.0
508.60745 -277.8688 -643.59454 26 9 0.5457272727272728 1.0
528.37994 -284.48703 -662.4192 26 9 0.5457272727272728 1.0
548.15826 -290.92664 -681.39996 26 9 0.5457272727272728 1.0
568.37415 -296.95752 -700.0773 26 9 0.5457272727272728 1.0
588.417 -302.89996 -719.31476 26 9 0.5457272727272728 1.0
608.5906 -308.5914 -738.01843 26 9 0.5457272727272728 1.0
628.90796 -314.02393 -757.06964 26 9 0.5457272727272728 1.0
649.1863 -319.2865 -776.0714 26 9 0.5457272727272728 1.0
669.7131 -324.23474 -794.8979 26 9 0.5457272727272728 1.0
690.13086 -329.0404 -813.9528 26 9 0.5457272727272728 1.0
711.07605 -333.39844 -833.03046 26 9 0.5457272727272728 1.0
731.6236 -337.74353 -852.022 26 9 0.5457272727272728 1.0
85.3795 83.738556 -151.50479 27 6 0.27299999999999996 0.8179090909090909
100.112946 98.14631 -132.89235 27 6 0.27299999999999996 0.8179090909090909
114.84088 112.57908 -114.39694 27 6 0.27299999999999996 0.8179090909090909
129.18533 127.40392 -95.4879 27 6 0.27299999999999996 0.8179090909090909
143.66711 142.10405 -76.98784 27 6 0.27299999999999996 0.8179090909090909
157.63745 157.31557 -58.32493 27 6 0.27299999999999996 0.8179090909090909
171.4421 172.69371 -39.700665 27 6 0.27299999999999996 0.8179090909090909
185.20747 188.10518 -20.959234 27 6 0.27299999999999996 0.8179090909090909
198.60837 203.87428 -2.3399942 27 6 0.27299999999999996 0.8179090909090909
211.99113 219.64275 16.697397 27 6 0.27299999999999996 0.8179090909090909
225.0352 235.7356 35.38636 27 6 0.27299999999999996 0.8179090909090909
237.81232 252.07674 53.92072 27 6 0.27299999999999996 0.8179090909090909
250.51021 268.46246 73.00872 27 6 0.27299999999999996 0.8179090909090909
262.88617 285.1463 91.49743 27 6 0.27299999999999996 0.8179090909090909
275.1254 301.9244 110.39959 27 6 0.27299999999999996 0.8179090909090909
287.04053 318.99692 129.16342 27 6 0.27299999999999996 0.8179090909090909
298.8579 336.10858 147.99435 27 6 0.27299999999999996 0.8179090909090909
310.2693 353.60056 166.78789 27 6 0.27299999999999996 0.8179090909090909
321.4723 371.2476 185.74197 27 6 0.27299999999999996 0.8179090909090909
332.57162 388.92133 204.77643 27 6 0.27299999999999996 0.8179090909090909
343.3263 406.89664 223.84558 27 6 0.27299999999999996 0.8179090909090909
353.92496 424.94693 242.39285 27 6 0.27299999999999996 0.8179090909090909
364.2015 443.26538 261.5657 27 6 0.27299999999999996 0.8179090909090909
374.31747 461.65155 280.59863 27 6 0.27299999999999996 0.8179090909090909
384.07822 480.3394 299.39462 27 6 0.27299999999999996 0.8179090909090909
393.6378 499.1339 318.7469 27 6 0.27299999999999996 0.8179090909090909
402.93152 518.1104 337.74957 27 6 0.27299999999999996 0.8179090909090909
429.38412 575.8605 395.1504 27 6 0.27299999999999996 0.8179090909090909
445.64764 615.2263 433.7515 27 6 0.27299999999999996 0.8179090909090909
453.49722 634.9725 452.771 27 6 0.27299999999999996 0.8179090909090909
460.9804 654.9996 472.3798 27 6 0.27299999999999996 0.8179090909090909
468.10217 675.3002 491.79446 27 6 0.27299999999999996 0.8179090909090909
97.675934 -98.89406 149.46631 28 5 0.18209090909090908 0.727
111.18826 -114.497925 135.03879 28 5 0.18209090909090908 0.727
124.47177 -130.3013 121.06656 28 5 0.18209090909090908 0.727
137.13943 -146.7046 106.97047 28 5 0.18209090909090908 0.727
149.79222 -163.06348 92.71481 28 5 0.18209090909090908 0.727
162.05014 -179.7724 78.734856 28 5 0.18209090909090908 0.727
174.19345 -196.51047 64.6297 28 5 0.18209090909090908 0.727
185.61165 -213.95825 50.404385 28 5 0.18209090909090908 0.727
196.89308 -231.44199 36.044037 28 5 0.18209090909090908 0.727
207.94691 -249.0479 22.061789 28 5 0.18209090909090908 0.727
218.59883 -266.97156 7.6860447 28 5 0.18209090909090908 0.727
228.79123 -285.27924 -6.48517 28 5 0.18209090909090908 0.727
238.85748 -303.54562 -20.819424 28 5 0.18209090909090908 0.727
248.35411 -322.3187 -35.236588 28 5 0.18209090909090908 0.727
257.55896 -341.23688 -49.59075 28 5 0.18209090909090908 0.727
266.41467 -360.36157 -63.97135 28 5 0.18209090909090908 0.727
275.00153 -379.56982 -78.34224 28 5 0.18209090909090908 0.727
283.11612 -399.1282 -92.75073 28 5 0.18209090909090908 0.727
298.24664 -438.8156 -121.604416 28 5 0.18209090909090908 0.727
305.32663 -458.8213 -136.45943 28 5 0.18209090909090908 0.727
311.94952 -479.11496 -150.9952 28 5 0.18209090909090908 0.727
317.9697 -499.91867 -165.67303 28 5 0.18209090909090908 0.727
323.82974 -520.5294 -180.44922 28 5 0.18209090909090908 0.727
329.2217 -541.4132 -195.12982 28 5 0.18209090909090908 0.727
334.17267 -562.5166 -209.84668 28 5 0.18209090909090908 0.727
338.7045 -583.79016 -224.8049 28 5 0.18209090909090908 0.727
342.82834 -605.1988 -239.49289 28 5 0.18209090909090908 0.727
346.50583 -626.79364 -254.57681 28 5 0.18209090909090908 0.727
349.78372 -648.4734 -269.556 28 5 0.18209090909090908 0.727
352.58328 -670.3654 -284.58273 28 5 0.18209090909090908 0.727
354.93805 -692.39124 -299.70178 28 5 0.18209090909090908 0.727
356.90933 -714.4088 -314.8971 28 5 0.18209090909090908 0.727
358.2649 -736.8646 -330.1505 28 5 0.18209090909090908 0.727
359.33078 -759.0749 -345.58087 28 5 0.18209090909090908 0.727
-26.065481 143.38713 -181.72293 29 11 0.7275454545454545 1.0
-28.121073 163.90985 -184.73985 29 11 0.7275454545454545 1.0
-31.8888 204.95467 -190.03842 29 11 0.7275454545454545 1.0
-33.590065 225.54282 -192.70996 29 11 0.7275454545454545 1.0
-35.21327 245.8733 -195.50641 29 11 0.7275454545454545 1.0
-36.66698 266.5768 -198.21999 29 11 0.7275454545454545 1.0
-38.03545 287.0601 -201.00453 29 11 0.7275454545454545 1.0
-40.39155 328.26813 -206.47687 29 11 0.7275454545454545 1.0
-41.38833 348.93005 -209.2726 29 11 0.7275454545454545 1.0
-42.286133 369.44223 -211.72119 29 11 0.7275454545454545 1.0
-43.048996 390.11148 -214.7362 29 11 0.7275454545454545 1.0
-43.692978 410.80267 -217.26572 29 11 0.7275454545454545 1.0
-44.238285 431.31918 -220.13109 29 11 0.7275454545454545 1.0
-44.662964 451.86087 -222.7479 29 11 0.7275454545454545 1.0
-44.95726 472.53152 -225.71655 29 11 0.7275454545454545 1.0
-45.13638 493.17847 -228.43573 29 11 0.7275454545454545 1.0
-45.208263 513.70654 -231.03206 29 11 0.7275454545454545 1.0
-45.14987 534.37177 -233.87782 29 11 0.7275454545454545 1.0
-44.976944 554.99567 -236.58165 29 11 0.7275454545454545 1.0
-44.270817 596.31287 -242.04138 29 11 0.7275454545454545 1.0
-43.736805 617.02045 -244.78079 29 11 0.7275454545454545 1.0
-43.089394 637.6575 -247.71217 29 11 0.7275454545454545 1.0
-41.436413 678.9604 -253.21837 29 11 0.7275454545454545 1.0
-40.435158 699.55096 -255.78625 29 11 0.7275454545454545 1.0
-39.301777 720.3752 -258.46814 29 11 0.7275454545454545 1.0
-38.064342 740.9283 -260.95654 29 11 0.7275454545454545 1.0
-36.70306 761.5652 -263.92355 29 11 0.7275454545454545 1.0
-33.622124 802.8449 -269.60187 29 11 0.7275454545454545 1.0
-31.897099 823.62354 -272.13812 29 11 0.7275454545454545 1.0
-30.05763 844.2832 -274.98654 29 11 0.7275454545454545 1.0
74.3855 -115.49813 192.54982 30 3 0.00027272727272725783 0.5451818181818182
83.84511 -133.8213 215.68442 30 3 0.00027272727272725783 0.5451818181818182
92.9815 -152.34192 238.86806 30 3 0.00027272727272725783 0.5451818181818182
101.80672 -171.0343 262.44406 30 3 0.00027272727272725783 0.5451818181818182
110.30503 -189.91821 285.76718 30 3 0.00027272727272725783 0.5451818181818182
118.56878 -208.82513 308.94302 30 3 0.00027272727272725783 0.5451818181818182
126.51304 -227.89053 332.3353 30 3 0.00027272727272725783 0.5451818181818182
134.09528 -247.18517 355.67322 30 3 0.00027272727272725783 0.5451818181818182
141.34018 -266.6597 378.93787 30 3 0.00027272727272725783 0.5451818181818182
148.37656 -286.05936 402.5015 30 3 0.00027272727272725783 0.5451818181818182
154.93399 -305.8943 425.9807 30 3 0.00027272727272725783 0.5451818181818182
161.18564 -325.8267 449.4877 30 3 0.00027272727272725783 0.5451818181818182
167.21236 -345.67755 473.05814 30 3 0.00027272727272725783 0.5451818181818182
172.86938 -365.72897 496.5435 30 3 0.00027272727272725783 0.5451818181818182
178.07382 -386.15656 520.245 30 3 0.00027272727272725783 0.5451818181818182
183.06125 -406.4461 543.58606 30 3 0.00027272727272725783 0.5451818181818182
187.80806 -426.62253 567.40686 30 3 0.00027272727272725783 0.5451818181818182
191.98355 -447.42926 590.95776 30 3 0.00027272727272725783 0.5451818181818182
195.95346 -468.0218 614.857 30 3 0.00027272727272725783 0.5451818181818182
199.56526 -488.7383 638.3566 30 3 0.00027272727272725783 0.5451818181818182
202.86182 -509.4619 662.3993 30 3 0.00027272727272725783 0.5451818181818182
205.6751 -530.6076 686.1519 30 3 0.00027272727272725783 0.5451818181818182
208.18965 -551.7016 710.2893 30 3 0.00027272727272725783 0.5451818181818182
210.36757 -572.8233 734.03503 30 3 0.00027272727272725783 0.5451818181818182
212.22441 -593.9122 758.0796 30 3 0.00027272727272725783 0.5451818181818182
213.60344 -615.397 782.1325 30 3 0.00027272727272725783 0.5451818181818182
214.76553 -636.51953 806.3706 30 3 0.00027272727272725783 0.5451818181818182
215.39447 -658.19275 830.65875 30 3 0.00027272727272725783 0.5451818181818182
215.73006 -701.1189 879.2435 30 3 0.00027272727272725783 0.5451818181818182
215.29063 -722.79236 903.6542 30 3 0.00027272727272725783 0.5451818181818182
214.48787 -744.4529 927.93024 30 3 0.00027272727272725783 0.5451818181818182
213.29297 -766.1813 952.4922 30 3 0.00027272727272725783 0.5451818181818182
211.75487 -787.7809 977.0111 30 3 0.00027272727272725783 0.5451818181818182
209.75539 -809.6716 1001.7676 30 3 0.00027272727272725783 0.5451818181818182
7.5302696 143.4623 -194.59822 31 11 0.7275454545454545 1.0
13.387077 184.25613 -203.69344 31 11 0.7275454545454545 1.0
16.48444 204.67166 -208.43488 31 11 0.7275454545454545 1.0
23.03279 245.34053 -217.64803 31 11 0.7275454545454545 1.0
26.479004 265.65497 -222.18137 31 11 0.7275454545454545 1.0
30.043678 285.9181 -226.74034 31 11 0.7275454545454545 1.0
33.708378 306.30106 -231.54967 31 11 0.7275454545454545 1.0
37.50058 326.5463 -235.92786 31 11 0.7275454545454545 1.0
45.452312 366.79654 -245.19644 31 11 0.7275454545454545 1.0
49.568943 387.1466 -249.90163 31 11 0.7275454545454545 1.0
53.82353 407.29022 -254.57794 31 11 0.7275454545454545 1.0
58.18343 427.483 -258.9201 31 11 0.7275454545454545 1.0
62.665962 447.59454 -263.76083 31 11 0.7275454545454545 1.0
67.26057 467.70215 -268.51804 31 11 0.7275454545454545 1.0
71.97922 487.72244 -273.17828 31 11 0.7275454545454545 1.0
76.76927 508.00748 -277.73056 31 11 0.7275454545454545 1.0
81.739365 527.83453 -282.1687 31 11 0.7275454545454545 1.0
86.77633 547.94684 -286.94965 31 11 0.7275454545454545 1.0
91.95062 567.888 -291.3904 31 11 0.7275454545454545 1.0
97.20864 587.9907 -296.2047 31 11 0.7275454545454545 1.0
102.64583 607.6775 -300.64612 31 11 0.7275454545454545 1.0
108.134415 627.7124 -305.28928 31 11 0.7275454545454545 1.0
113.75474 647.61566 -310.15384 31 11 0.7275454545454545 1.0
119.498825 667.4369 -314.4123 31 11 0.7275454545454545 1.0
125.32495 687.4073 -319.03647 31 11 0.7275454545454545 1.0
131.33284 706.97943 -323.81302 31 11 0.7275454545454545 1.0
137.401 726.8149 -328.61258 31 11 0.7275454545454545 1.0
143.58919 746.58704 -333.13953 31 11 0.7275454545454545 1.0
149.88263 766.37244 -337.58542 31 11 0.7275454545454545 1.0
156.3426 785.86005 -342.3383 31 11 0.7275454545454545 1.0
162.86865 805.55914 -347.0277 31 11 0.7275454545454545 1.0
169.49847 825.2739 -351.54932 31 11 0.7275454545454545 1.0
123.498856 17.217505 -7.3578424 32 0 0.0 0.27245454545454545
142.36487 25.107336 -24.552736 32 0 0.0 0.27245454545454545
180.26624 41.132977 -58.61678 32 0 0.0 0.27245454545454545
199.43687 49.219154 -75.75168 32 0 0.0 0.27245454545454545
218.11253 57.510735 -92.88001 32 0 0.0 0.27245454545454545
236.94786 65.84679 -110.03431 32 0 0.0 0.27245454545454545
255.9714 74.2102 -126.99926 32 0 0.0 0.27245454545454545
293.24734 91.40533 -161.49753 32 0 0.0 0.27245454545454545
311.77643 100.16108 -178.43219 32 0 0.0 0.27245454545454545
330.42673 108.95886 -195.54774 32 0 0.0 0.27245454545454545
349.28595 117.76466 -212.63968 32 0 0.0 0.27245454545454545
367.58218 126.83892 -229.76086 32 0 0.0 0.27245454545454545
386.1234 135.90836 -247.02493 32 0 0.0 0.27245454545454545
404.56293 145.09099 -264.12155 32 0 0.0 0.27245454545454545
423.01532 154.3459 -281.3879 32 0 0.0 0.27245454545454545
441.58658 163.6325 -298.31952 32 0 0.0 0.27245454545454545
459.73907 173.15019 -315.62988 32 0 0.0 0.27245454545454545
478.1341 182.65239 -332.57675 32 0 0.0 0.27245454545454545
496.25497 192.3343 -349.8765 32 0 0.0 0.27245454545454545
514.437 202.06761 -366.85144 32 0 0.0 0.27245454545454545
550.75165 221.7745 -401.25885 32 0 0.0 0.27245454545454545
568.5659 231.87639 -418.48682 32 0 0.0 0.27245454545454545
586.82434 241.86964 -435.6682 32 0 0.0 0.27245454545454545
604.7425 252.07408 -452.95007 32 0 0.0 0.27245454545454545
622.5395 262.40112 -469.7929 32 0 0.0 0.27245454545454545
658.2936 283.20053 -504.31354 32 0 0.0 0.27245454545454545
676.0004 293.7784 -521.5787 32 0 0.0 0.27245454545454545
693.74585 304.40903 -538.7798 32 0 0.0 0.27245454545454545
711.6076 315.05664 -555.8484 32 0 0.0 0.27245454545454545
729.1158 325.9289 -573.3129 32 0 0.0 0.27245454545454545
746.7418 336.8166 -590.3368 32 0 0.0 0.27245454545454545
-59.538204 -125.18645 64.46233 33 0 0.0 0.27245454545454545
-70.9411 -142.2818 59.764267 33 0 0.0 0.27245454545454545
-82.087234 -159.63968 54.555103 33 0 0.0 0.27245454545454545
-92.996506 -177.2074 49.960785 33 0 0.0 0.27245454545454545
-103.83314 -194.6704 45.07993 33 0 0.0 0.27245454545454545
-114.314415 -212.5588 40.000637 33 0 0.0 0.27245454545454545
-124.780495 -230.23404 35.215504 33 0 0.0 0.27245454545454545
-134.88206 -248.33998 30.226236 33 0 0.0 0.27245454545454545
-144.94012 -266.28094 25.50606 33 0 0.0 0.27245454545454545
-154.78079 -284.37308 20.329433 33 0 0.0 0.27245454545454545
-164.34525 -302.7205 15.63906 33 0 0.0 0.27245454545454545
-173.65027 -321.28952 10.612525 33 0 0.0 0.27245454545454545
-191.84647 -358.40298 0.7709368 33 0 0.0 0.27245454545454545
-200.64275 -377.1141 -4.043358 33 0 0.0 0.27245454545454545
-209.16269 -396.0648 -8.8487425 33 0 0.0 0.27245454545454545
-217.56834 -414.94482 -13.875776 33 0 0.0 0.27245454545454545
-225.59305 -434.25885 -18.78159 33 0 0.0 0.27245454545454545
-233.58162 -453.3422 -23.689829 33 0 0.0 0.27245454545454545
-241.271 -472.69696 -28.501476 33 0 0.0 0.27245454545454545
-248.79005 -492.0689 -33.40431 33 0 0.0 0.27245454545454545
-256.1469 -511.4353 -38.508602 33 0 0.0 0.27245454545454545
-263.22244 -531.0289 -43.375496 33 0 0.0 0.27245454545454545
-270.06644 -550.748 -48.40738 33 0 0.0 0.27245454545454545
-276.62634 -570.69763 -53.364986 33 0 0.0 0.27245454545454545
-283.0909 -590.48456 -58.328606 33 0 0.0 0.27245454545454545
-289.3107 -610.41064 -63.352192 33 0 0.0 0.27245454545454545
-295.2205 -630.61237 -68.13704 33 0 0.0 0.27245454545454545
-300.96835 -650.7721 -73.17935 33 0 0.0 0.27245454545454545
-306.563 -670.8613 -78.26518 33 0 0.0 0.27245454545454545
-311.78394 -691.358 -83.19091 33 0 0.0 0.27245454545454545
-316.94388 -711.568 -88.21239 33 0 0.0 0.27245454545454545
-321.70276 -732.2455 -93.097244 33 0 0.0 0.27245454545454545
-326.3024 -752.8437 -98.0438 33 0 0.0 0.27245454545454545
-330.68988 -773.47485 -102.94475 33 0 0.0 0.27245454545454545
25.923758 136.04489 -667.2254 34 7 0.3639090909090909 0.9088181818181817
30.75075 155.97203 -743.94885 34 7 0.3639090909090909 0.9088181818181817
35.684147 175.91525 -820.239 34 7 0.3639090909090909 0.9088181818181817
40.688774 196.03894 -897.1267 34 7 0.3639090909090909 0.9088181818181817
45.84744 215.93845 -973.5757 34 7 0.3639090909090909 0.9088181818181817
51.139183 235.72203 -1050.219 34 7 0.3639090909090909 0.9088181818181817
56.495792 255.70232 -1126.7825 34 7 0.3639090909090909 0.9088181818181817
67.58581 295.40567 -1279.9435 34 7 0.3639090909090909 0.9088181818181817
73.31958 315.13113 -1356.6447 34 7 0.3639090909090909 0.9088181818181817
79.109535 335.06955 -1433.2665 34 7 0.3639090909090909 0.9088181818181817
85.10905 354.56958 -1509.8978 34 7 0.3639090909090909 0.9088181818181817
91.15416 374.3218 -1586.4105 34 7 0.3639090909090909 0.9088181818181817
97.317856 394.0176 -1663.3245 34 7 0.3639090909090909 0.9088181818181817
103.558586 413.82312 -1739.8529 34 7 0.3639090909090909 0.9088181818181817
109.97457 433.34467 -1816.6097 34 7 0.3639090909090909 0.9088181818181817
116.5135 452.7949 -1893.2372 34 7 0.3639090909090909 0.9088181818181817
123.11819 472.39374 -1970.0509 34 7 0.3639090909090909 0.9088181818181817
129.83958 491.9404 -2046.6975 34 7 0.3639090909090909 0.9088181818181817
136.62897 511.61697 -2123.4326 34 7 0.3639090909090909 0.9088181818181817
143.65005 530.8115 -2200.3855 34 7 0.3639090909090909 0.9088181818181817
150.71898 550.2107 -2276.911 34 7 0.3639090909090909 0.9088181818181817
157.86304 569.7066 -2353.8364 34 7 0.3639090909090909 0.9088181818181817
135.49176 49.93393 -56.482815 35 8 0.45481818181818184 0.9997272727272728
155.0096 56.780678 -37.82298 35 8 0.45481818181818184 0.9997272727272728
174.2536 63.646194 -18.981241 35 8 0.45481818181818184 0.9997272727272728
193.86232 70.296555 -0.30138925 35 8 0.45481818181818184 0.9997272727272728
213.2723 76.936874 18.453415 35 8 0.45481818181818184 0.9997272727272728
232.81737 83.445694 37.04452 35 8 0.45481818181818184 0.9997272727272728
252.45522 89.838524 55.673656 35 8 0.45481818181818184 0.9997272727272728
272.20062 96.11031 74.34495 35 8 0.45481818181818184 0.9997272727272728
291.72577 102.37648 93.08406 35 8 0.45481818181818184 0.9997272727272728
311.42923 108.49593 111.653595 35 8 0.45481818181818184 0.9997272727272728
331.15387 114.52392 130.41965 35 8 0.45481818181818184 0.9997272727272728
350.6295 120.55293 149.01613 35 8 0.45481818181818184 0.9997272727272728
370.71924 126.286194 167.7205 35 8 0.45481818181818184 0.9997272727272728
390.30493 132.10645 186.42992 35 8 0.45481818181818184 0.9997272727272728
410.10712 137.76726 205.23236 35 8 0.45481818181818184 0.9997272727272728
429.92963 143.3352 223.79994 35 8 0.45481818181818184 0.9997272727272728
449.83456 148.78944 242.65344 35 8 0.45481818181818184 0.9997272727272728
469.71497 154.16522 261.1103 35 8 0.45481818181818184 0.9997272727272728
489.73355 159.40892 279.88037 35 8 0.45481818181818184 0.9997272727272728
509.65213 164.59805 298.5034 35 8 0.45481818181818184 0.9997272727272728
529.7998 169.62595 317.0915 35 8 0.45481818181818184 0.9997272727272728
549.7434 174.63155 335.9277 35 8 0.45481818181818184 0.9997272727272728
569.83276 179.5026 354.58292 35 8 0.45481818181818184 0.9997272727272728
589.703 184.35376 373.39706 35 8 0.45481818181818184 0.9997272727272728
610.0697 188.96114 392.1517 35 8 0.45481818181818184 0.9997272727272728
630.20667 193.55132 410.8763 35 8 0.45481818181818184 0.9997272727272728
670.36316 202.49834 448.23108 35 8 0.45481818181818184 0.9997272727272728
690.6366 206.77765 467.04282 35 8 0.45481818181818184 0.9997272727272728
710.7778 211.0062 485.83273 35 8 0.45481818181818184 0.9997272727272728
731.08704 215.09407 504.36197 35 8 0.45481818181818184 0.9997272727272728
751.39655 219.09114 523.1709 35 8 0.45481818181818184 0.9997272727272728
771.6704 223.00735 541.83905 35 8 0.45481818181818184 0.9997272727272728
792.1227 226.78069 560.5495 35 8 0.45481818181818184 0.9997272727272728
812.38873 230.5156 579.6801 35 8 0.45481818181818184 0.9997272727272728
24.733568 166.44633 176.67233 36 2 0.0 0.4542727272727273
30.37588 186.57323 172.34663 36 2 0.0 0.4542727272727273
36.65798 206.42285 167.96199 36 2 0.0 0.4542727272727273
43.564857 226.08894 163.80624 36 2 0.0 0.4542727272727273
51.04317 245.81844 159.66206 36 2 0.0 0.4542727272727273
59.225838 264.95206 155.27644 36 2 0.0 0.4542727272727273
67.96739 284.16208 150.9789 36 2 0.0 0.4542727272727273
77.34783 303.0673 146.65298 36 2 0.0 0.4542727272727273
87.38712 321.5932 142.36543 36 2 0.0 0.4542727272727273
97.97744 340.1225 137.91016 36 2 0.0 0.4542727272727273
109.20122 358.32645 133.67339 36 2 0.0 0.4542727272727273
121.0554 376.20633 129.32237 36 2 0.0 0.4542727272727273
133.475 393.9422 124.89999 36 2 0.0 0.4542727272727273
146.61827 411.0493 120.58348 36 2 0.0 0.4542727272727273
160.30247 428.0409 115.90682 36 2 0.0 0.4542727272727273
174.66351 444.52173 111.505745 36 2 0.0 0.4542727272727273
189.57277 460.8057 107.13397 36 2 0.0 0.4542727272727273
205.06993 476.75732 102.49314 36 2 0.0 0.4542727272727273
221.2618 492.1101 97.84515 36 2 0.0 0.4542727272727273
238.0345 507.108 93.22977 36 2 0.0 0.4542727272727273
255.46431 521.5632 88.76286 36 2 0.0 0.4542727272727273
273.49838 535.5663 84.10119 36 2 0.0 0.4542727272727273
292.0812 549.19446 79.505646 36 2 0.0 0.4542727272727273
311.40323 562.0636 74.695946 36 2 0.0 0.4542727272727273
331.1666 574.6911 70.141655 36 2 0.0 0.4542727272727273
351.6751 586.5071 65.25179 36 2 0.0 0.4542727272727273
372.75497 597.78754 60.134937 36 2 0.0 0.4542727272727273
394.469 608.3973 55.129475 36 2 0.0 0.4542727272727273
416.7325 618.4335 50.202213 36 2 0.0 0.4542727272727273
439.7015 627.62915 45.503445 36 2 0.0 0.4542727272727273
463.2309 636.1631 40.14181 36 2 0.0 0.4542727272727273
487.3796 643.911 35.27654 36 2 0.0 0.4542727272727273
512.1179 650.87134 29.61467 36 2 0.0 0.4542727272727273
537.52515 656.90063 24.473553 36 2 0.0 0.4542727272727273
87.03844 120.82333 -860.3056 37 3 0.00027272727272725783 0.5451818181818182
96.45743 139.51668 -989.80664 37 3 0.00027272727272725783 0.5451818181818182
105.13526 158.59508 -1119.8966 37 3 0.00027272727272725783 0.5451818181818182
112.93349 178.20184 -1250.6118 37 3 0.00027272727272725783 0.5451818181818182
119.88071 198.23465 -1381.7938 37 3 0.00027272727272725783 0.5451818181818182
126.089775 218.42766 -1513.967 37 3 0.00027272727272725783 0.5451818181818182
131.20859 239.31038 -1646.9124 37 3 0.00027272727272725783 0.5451818181818182
135.52542 260.30032 -1780.7058 37 3 0.00027272727272725783 0.5451818181818182
138.68306 281.9958 -1915.711 37 3 0.00027272727272725783 0.5451818181818182
140.96092 303.7713 -2051.9539 37 3 0.00027272727272725783 0.5451818181818182
142.19635 325.85748 -2189.2004 37 3 0.00027272727272725783 0.5451818181818182
142.42163 348.07404 -2327.6545 37 3 0.00027272727272725783 0.5451818181818182
-132.3469 70.666824 -93.26297 38 11 0.7275454545454545 1.0
-185.94095 101.34422 -62.211235 38 11 0.7275454545454545 1.0
-203.69252 111.76709 -51.893143 38 11 0.7275454545454545 1.0
-221.41348 122.27349 -41.599594 38 11 0.7275454545454545 1.0
-239.00383 132.91829 -31.277271 38 11 0.7275454545454545 1.0
-256.62653 143.61072 -20.915451 38 11 0.7275454545454545 1.0
-274.13318 154.4329 -10.585328 38 11 0.7275454545454545 1.0
-291.93466 165.15228 -0.1701601 38 11 0.7275454545454545 1.0
-309.19662 176.24036 10.146933 38 11 0.7275454545454545 1.0
-326.53937 187.34593 20.402115 38 11 0.7275454545454545 1.0
-343.85635 198.52863 30.824753 38 11 0.7275454545454545 1.0
-361.08588 209.82349 40.991486 38 11 0.7275454545454545 1.0
-378.268 221.20694 51.453278 38 11 0.7275454545454545 1.0
-395.47488 232.63599 61.580166 38 11 0.7275454545454545 1.0
-412.66245 244.13531 72.08402 38 11 0.7275454545454545 1.0
-429.62024 255.82942 82.37668 38 11 0.7275454545454545 1.0
-446.5465 267.60086 92.8229 38 11 0.7275454545454545 1.0
-463.41675 279.46368 103.11549 38 11 0.7275454545454545 1.0
-480.40833 291.30972 113.296715 38 11 0.7275454545454545 1.0
-496.95267 303.48358 124.04327 38 11 0.7275454545454545 1.0
-513.85504 315.49454 134.02524 38 11 0.7275454545454545 1.0
-530.3807 327.79147 144.49803 38 11 0.7275454545454545 1.0
-547.1182 340.01138 154.6766 38 11 0.7275454545454545 1.0
-563.4901 352.51212 165.1521 38 11 0.7275454545454545 1.0
-580.0026 364.97794 175.56381 38 11 0.7275454545454545 1.0
-596.3221 377.6173 185.99216 38 11 0.7275454545454545 1.0
-612.611 390.3277 196.32237 38 11 0.7275454545454545 1.0
-628.7778 403.16705 206.79459 38 11 0.7275454545454545 1.0
-645.11554 415.94644 216.90207 38 11 0.7275454545454545 1.0
-661.3095 428.86688 227.42955 38 11 0.7275454545454545 1.0
-677.2341 442.01068 237.7879 38 11 0.7275454545454545 1.0
-693.5287 454.96008 247.90436 38 11 0.7275454545454545 1.0
-709.1965 468.36765 258.46948 38 11 0.7275454545454545 1.0
-21.478724 -147.0823 -99.63885 39 7 0.3639090909090909 0.9088181818181817
-21.246857 -167.81876 -94.604546 39 7 0.3639090909090909 0.9088181818181817
-20.322863 -188.68501 -89.70439 39 7 0.3639090909090909 0.9088181818181817
-18.737162 -209.34416 -84.91333 39 7 0.3639090909090909 0.9088181818181817
-16.436625 -230.3026 -80.12651 39 7 0.3639090909090909 0.9088181818181817
-13.465161 -250.9562 -75.14998 39 7 0.3639090909090909 0.9088181818181817
-9.79357 -271.57117 -70.29237 39 7 0.3639090909090909 0.9088181818181817
-5.41441 -292.31824 -65.12652 39 7 0.3639090909090909 0.9088181818181817
-0.3338623 -312.84482 -60.37422 39 7 0.3639090909090909 0.9088181818181817
5.4548416 -333.4403 -55.413605 39 7 0.3639090909090909 0.9088181818181817
11.961642 -353.66757 -50.43624 39 7 0.3639090909090909 0.9088181818181817
19.180359 -373.97504 -45.46192 39 7 0.3639090909090909 0.9088181818181817
27.14415 -393.7657 -40.52716 39 7 0.3639090909090909 0.9088181818181817
35.81709 -413.7118 -35.56285 39 7 0.3639090909090909 0.9088181818181817
45.2002 -433.66266 -30.314396 39 7 0.3639090909090909 0.9088181818181817
55.361324 -452.99548 -25.203993 39 7 0.3639090909090909 0.9088181818181817
66.24117 -472.30292 -20.04851 39 7 0.3639090909090909 0.9088181818181817
77.90238 -491.1284 -15.020438 39 7 0.3639090909090909 0.9088181818181817
90.25543 -510.05493 -9.592221 39 7 0.3639090909090909 0.9088181818181817
103.407486 -528.43054 -4.6092997 39 7 0.3639090909090909 0.9088181818181817
117.36234 -546.30383 1.0594599 39 7 0.3639090909090909 0.9088181818181817
132.02875 -564.10706 6.397259 39 7 0.3639090909090909 0.9088181818181817
147.45988 -581.5623 11.755076 39 7 0.3639090909090909 0.9088181818181817
180.76364 -614.87164 22.5999 39 7 0.3639090909090909 0.9088181818181817
198.60507 -630.851 28.414736 39 7 0.3639090909090909 0.9088181818181817
217.22664 -646.40106 34.065815 39 7 0.3639090909090909 0.9088181818181817
236.69682 -661.30334 39.614117 39 7 0.3639090909090909 0.9088181818181817
257.03186 -675.5181 45.511036 39 7 0.3639090909090909 0.9088181818181817
278.11664 -689.3313 51.1729 39 7 0.3639090909090909 0.9088181818181817
300.1825 -702.1452 57.260586 39 7 0.3639090909090909 0.9088181818181817
323.04184 -714.40594 63.41012 39 7 0.3639090909090909 0.9088181818181817
346.67377 -726.1069 69.58625 39 7 0.3639090909090909 0.9088181818181817
371.25348 -736.8391 75.736 39 7 0.3639090909090909 0.9088181818181817
396.74136 -746.66626 82.149765 39 7 0.3639090909090909 0.9088181818181817
122.30072 19.824324 139.40616 40 0 0.0 0.27245454545454545
141.40938 27.487532 147.07204 40 0 0.0 0.27245454545454545
160.48091 35.07386 154.90901 40 0 0.0 0.27245454545454545
179.5984 42.56758 162.82845 40 0 0.0 0.27245454545454545
199.01503 49.903717 170.51831 40 0 0.0 0.27245454545454545
218.27606 57.191837 178.51665 40 0 0.0 0.27245454545454545
237.66023 64.362785 186.33768 40 0 0.0 0.27245454545454545
256.96188 71.471664 194.14516 40 0 0.0 0.27245454545454545
276.37064 78.46679 201.84813 40 0 0.0 0.27245454545454545
295.83655 85.36119 209.87296 40 0 0.0 0.27245454545454545
315.06094 92.2419 217.57054 40 0 0.0 0.27245454545454545
334.66833 98.92662 225.5313 40 0 0.0 0.27245454545454545
354.1685 105.558304 233.2972 40 0 0.0 0.27245454545454545
373.56567 112.13646 241.34708 40 0 0.0 0.27245454545454545
393.23608 118.547966 249.15318 40 0 0.0 0.27245454545454545
412.7164 124.93182 256.8421 40 0 0.0 0.27245454545454545
432.35007 131.18422 264.85287 40 0 0.0 0.27245454545454545
452.15454 137.29932 272.47134 40 0 0.0 0.27245454545454545
471.85483 143.36034 280.22253 40 0 0.0 0.27245454545454545
491.62463 149.31435 288.28482 40 0 0.0 0.27245454545454545
511.45947 155.16245 296.15552 40 0 0.0 0.27245454545454545
531.08093 160.98883 303.8453 40 0 0.0 0.27245454545454545
550.9208 166.66226 312.00366 40 0 0.0 0.27245454545454545
570.80597 172.23503 319.67365 40 0 0.0 0.27245454545454545
590.98395 177.63249 327.48322 40 0 0.0 0.27245454545454545
610.819 183.04575 335.36993 40 0 0.0 0.27245454545454545
630.71436 188.35297 343.1077 40 0 0.0 0.27245454545454545
650.68756 193.54877 351.0449 40 0 0.0 0.27245454545454545
670.66626 198.65451 359.0203 40 0 0.0 0.27245454545454545
690.80054 203.62558 366.86447 40 0 0.0 0.27245454545454545
710.8095 208.54466 374.4598 40 0 0.0 0.27245454545454545
730.9206 213.34447 382.71347 40 0 0.0 0.27245454545454545
751.06665 218.04457 390.4638 40 0 0.0 0.27245454545454545
771.2585 222.64163 398.28625 40 0 0.0 0.27245454545454545
791.3712 227.17134 406.23325 40 0 0.0 0.27245454545454545
-48.19562 -141.41933 19.145336 41 7 0.3639090909090909 0.9088181818181817
-55.358616 -160.66791 41.035187 41 7 0.3639090909090909 0.9088181818181817
-70.24663 -199.17252 84.49565 41 7 0.3639090909090909 0.9088181818181817
-78.08151 -218.10924 106.73252 41 7 0.3639090909090909 0.9088181818181817
-86.069 -237.13625 128.24922 41 7 0.3639090909090909 0.9088181818181817
-94.21061 -256.23923 150.2504 41 7 0.3639090909090909 0.9088181818181817
-102.61226 -275.12433 172.06024 41 7 0.3639090909090909 0.9088181818181817
-111.34781 -293.5991 194.11314 41 7 0.3639090909090909 0.9088181818181817
-120.12661 -312.43063 215.88219 41 7 0.3639090909090909 0.9088181818181817
-129.18893 -330.98056 237.65092 41 7 0.3639090909090909 0.9088181818181817
-138.43945 -349.49484 259.83307 41 7 0.3639090909090909 0.9088181818181817
-147.90532 -367.9004 281.61996 41 7 0.3639090909090909 0.9088181818181817
-157.51958 -386.35883 303.32248 41 7 0.3639090909090909 0.9088181818181817
-167.44647 -404.46387 325.49652 41 7 0.3639090909090909 0.9088181818181817
-177.48215 -422.70874 347.49118 41 7 0.3639090909090909 0.9088181818181817
-198.35695 -458.46167 391.23947 41 7 0.3639090909090909 0.9088181818181817
-209.07562 -476.25037 413.5964 41 7 0.3639090909090909 0.9088181818181817
-220.01219 -493.90567 435.34003 41 7 0.3639090909090909 0.9088181818181817
-242.37408 -529.1685 479.60632 41 7 0.3639090909090909 0.9088181818181817
-253.9997 -546.33105 501.47812 41 7 0.3639090909090909 0.9088181818181817
-265.6806 -563.6998 523.54456 41 7 0.3639090909090909 0.9088181818181817
-277.62488 -580.8232 545.696 41 7 0.3639090909090909 0.9088181818181817
-289.80566 -597.7587 567.97723 41 7 0.3639090909090909 0.9088181818181817
-302.10297 -614.7505 590.1243 41 7 0.3639090909090909 0.9088181818181817
-314.6174 -631.58636 612.2177 41 7 0.3639090909090909 0.9088181818181817
-327.4236 -648.1167 634.315 41 7 0.3639090909090909 0.9088181818181817
-340.39438 -664.5944 656.7484 41 7 0.3639090909090909 0.9088181818181817
-353.49884 -681.0729 678.8586 41 7 0.3639090909090909 0.9088181818181817
-366.96405 -697.11237 701.2645 41 7 0.3639090909090909 0.9088181818181817
-380.38565 -713.48047 723.47064 41 7 0.3639090909090909 0.9088181818181817
-394.1068 -729.5209 745.9513 41 7 0.3639090909090909 0.9088181818181817
-408.06793 -745.34686 768.4463 41 7 0.3639090909090909 0.9088181818181817
-120.86271 -68.76051 166.04944 42 3 0.00027272727272725783 0.5451818181818182
-137.9811 -80.19581 185.61412 42 3 0.00027272727272725783 0.5451818181818182
-155.07964 -91.723145 205.01031 42 3 0.00027272727272725783 0.5451818181818182
-171.98602 -103.44337 224.32959 42 3 0.00027272727272725783 0.5451818181818182
-188.81152 -115.290565 243.9658 42 3 0.00027272727272725783 0.5451818181818182
-205.75636 -127.1397 263.45633 42 3 0.00027272727272725783 0.5451818181818182
-222.24617 -139.34479 282.76724 42 3 0.00027272727272725783 0.5451818181818182
-238.91315 -151.51251 302.13495 42 3 0.00027272727272725783 0.5451818181818182
-255.52881 -163.78253 321.8075 42 3 0.00027272727272725783 0.5451818181818182
-271.9547 -176.24286 341.45898 42 3 0.00027272727272725783 0.5451818181818182
-288.21313 -188.88007 360.88797 42 3 0.00027272727272725783 0.5451818181818182
-304.533 -201.54327 380.31418 42 3 0.00027272727272725783 0.5451818181818182
-320.61874 -214.426 399.6538 42 3 0.00027272727272725783 0.5451818181818182
-336.81186 -227.29959 419.2419 42 3 0.00027272727272725783 0.5451818181818182
-352.86392 -240.32846 438.76587 42 3 0.00027272727272725783 0.5451818181818182
-368.66794 -253.5862 458.27542 42 3 0.00027272727272725783 0.5451818181818182
-384.3589 -266.98105 477.95337 42 3 0.00027272727272725783 0.5451818181818182
-400.1066 -280.39334 497.3111 42 3 0.00027272727272725783 0.5451818181818182
-415.74924 -293.93362 516.8515 42 3 0.00027272727272725783 0.5451818181818182
-431.21964 -307.649 536.3519 42 3 0.00027272727272725783 0.5451818181818182
-446.65326 -321.4423 555.85 42 3 0.00027272727272725783 0.5451818181818182
-461.83032 -335.47098 575.4851 42 3 0.00027272727272725783 0.5451818181818182
-477.05807 -349.512 595.0313 42 3 0.00027272727272725783 0.5451818181818182
-492.40097 -363.5138 614.7692 42 3 0.00027272727272725783 0.5451818181818182
-507.2417 -377.93124 634.216 42 3 0.00027272727272725783 0.5451818181818182
-522.06354 -392.40775 653.7506 42 3 0.00027272727272725783 0.5451818181818182
-537.01294 -406.82977 673.28674 42 3 0.00027272727272725783 0.5451818181818182
-551.6514 -421.5268 693.03516 42 3 0.00027272727272725783 0.5451818181818182
-566.02905 -436.46326 712.6424 42 3 0.00027272727272725783 0.5451818181818182
-580.71967 -451.19516 732.19476 42 3 0.00027272727272725783 0.5451818181818182
-594.93335 -466.33228 751.8878 42 3 0.00027272727272725783 0.5451818181818182
-609.39954 -481.30444 771.3801 42 3 0.00027272727272725783 0.5451818181818182
-623.4781 -496.6135 791.0037 42 3 0.00027272727272725783 0.5451818181818182
-637.5837 -511.9307 810.70667 42 3 0.00027272727272725783 0.5451818181818182
-651.4434 -527.4733 830.3929 42 3 0.00027272727272725783 0.5451818181818182
-114.76082 -63.870983 484.95145 43 4 0.0911818181818182 0.636090909090909
-133.02032 -73.17373 516.71216 43 4 0.0911818181818182 0.636090909090909
-151.49425 -82.27871 548.09784 43 4 0.0911818181818182 0.636090909090909
-170.16505 -91.198044 579.6577 43 4 0.0911818181818182 0.636090909090909
-188.65749 -100.13264 610.95123 43 4 0.0911818181818182 0.636090909090909
-207.42937 -108.83767 642.7635 43 4 0.0911818181818182 0.636090909090909
-225.89778 -117.61922 674.3069 43 4 0.0911818181818182 0.636090909090909
-244.74435 -126.120346 705.7845 43 4 0.0911818181818182 0.636090909090909
-263.38962 -134.64099 737.11115 43 4 0.0911818181818182 0.636090909090909
-282.57663 -142.80122 768.85284 43 4 0.0911818181818182 0.636090909090909
-301.44662 -151.0377 800.49774 43 4 0.0911818181818182 0.636090909090909
-320.39438 -159.14876 832.11664 43 4 0.0911818181818182 0.636090909090909
-339.23965 -167.22305 863.49316 43 4 0.0911818181818182 0.636090909090909
-358.3942 -175.05698 895.2456 43 4 0.0911818181818182 0.636090909090909
-377.50098 -182.82619 926.74084 43 4 0.0911818181818182 0.636090909090909
-396.7029 -190.46037 958.2668 43 4 0.0911818181818182 0.636090909090909
-415.73618 -198.08517 989.9347 43 4 0.0911818181818182 0.636090909090909
-435.06995 -205.4759 1021.5663 43 4 0.0911818181818182 0.636090909090909
-454.37277 -212.7903 1053.1927 43 4 0.0911818181818182 0.636090909090909
-473.62436 -220.03635 1084.3304 43 4 0.0911818181818182 0.636090909090909
-493.0142 -227.12514 1116.0767 43 4 0.0911818181818182 0.636090909090909
-512.5552 -234.05135 1147.9664 43 4 0.0911818181818182 0.636090909090909
-532.0425 -240.90837 1179.4711 43 4 0.0911818181818182 0.636090909090909
-551.6646 -247.61002 1211.2158 43 4 0.0911818181818182 0.636090909090909
-571.0769 -254.31015 1242.8475 43 4 0.0911818181818182 0.636090909090909
-590.87604 -260.7421 1274.3466 43 4 0.0911818181818182 0.636090909090909
-610.7205 -267.05862 1306.2783 43 4 0.0911818181818182 0.636090909090909
-630.37494 -273.36136 1337.8108 43 4 0.0911818181818182 0.636090909090909
-649.9436 -279.6024 1369.49 43 4 0.0911818181818182 0.636090909090909
-669.7254 -285.6523 1401.1781 43 4 0.0911818181818182 0.636090909090909
-689.596 -291.56506 1432.9084 43 4 0.0911818181818182 0.636090909090909
-709.6016 -297.32135 1464.5597 43 4 0.0911818181818182 0.636090909090909
-729.46643 -303.03622 1496.5077 43 4 0.0911818181818182 0.636090909090909
-749.4783 -308.58878 1528.0516 43 4 0.0911818181818182 0.636090909090909
-769.37054 -314.08838 1559.7649 43 4 0.0911818181818182 0.636090909090909
-147.71356 -22.573853 -71.91314 44 8 0.45481818181818184 0.9997272727272728
-168.60593 -23.281425 -55.469894 44 8 0.45481818181818184 0.9997272727272728
-189.09567 -23.516832 -38.73573 44 8 0.45481818181818184 0.9997272727272728
-230.58716 -22.31744 -5.6897526 44 8 0.45481818181818184 0.9997272727272728
-251.37831 -20.905476 11.145721 44 8 0.45481818181818184 0.9997272727272728
-272.1574 -18.95163 27.815916 44 8 0.45481818181818184 0.9997272727272728
-292.92737 -16.45219 44.373577 44 8 0.45481818181818184 0.9997272727272728
-313.97397 -13.392067 61.186867 44 8 0.45481818181818184 0.9997272727272728
-334.59244 -9.801066 78.08588 44 8 0.45481818181818184 0.9997272727272728
-355.17615 -5.6542783 94.672356 44 8 0.45481818181818184 0.9997272727272728
-375.65817 -0.9495951 111.64393 44 8 0.45481818181818184 0.9997272727272728
-396.39322 4.313536 128.61311 44 8 0.45481818181818184 0.9997272727272728
-416.84894 10.13762 145.68007 44 8 0.45481818181818184 0.9997272727272728
-457.2364 23.493727 179.81839 44 8 0.45481818181818184 0.9997272727272728
-477.52557 31.013247 197.01767 44 8 0.45481818181818184 0.9997272727272728
-497.47253 39.118797 214.21921 44 8 0.45481818181818184 0.9997272727272728
-517.5964 47.773136 231.61835 44 8 0.45481818181818184 0.9997272727272728
-537.1761 57.041435 249.23787 44 8 0.45481818181818184 0.9997272727272728
-556.62604 66.89179 266.41956 44 8 0.45481818181818184 0.9997272727272728
-576.1985 77.29032 284.0407 44 8 0.45481818181818184 0.9997272727272728
-614.2847 99.91682 319.47086 44 8 0.45481818181818184 0.9997272727272728
-633.0327 112.11839 337.44257 44 8 0.45481818181818184 0.9997272727272728
-651.6231 124.904495 355.6 44 8 0.45481818181818184 0.9997272727272728
-669.95465 138.29305 373.6331 44 8 0.45481818181818184 0.9997272727272728
-687.85944 152.32175 391.88837 44 8 0.45481818181818184 0.9997272727272728
-723.1066 182.14684 428.8675 44 8 0.45481818181818184 0.9997272727272728
-740.31165 197.96947 447.2202 44 8 0.45481818181818184 0.9997272727272728
-756.9858 214.46684 466.19656 44 8 0.45481818181818184 0.9997272727272728
-773.5265 231.52803 485.0796 44 8 0.45481818181818184 0.9997272727272728
-789.5305 249.26787 504.3549 44 8 0.45481818181818184 0.9997272727272728
-805.263 267.60413 523.63635 44 8 0.45481818181818184 0.9997272727272728
-113.21466 -22.714373 -299.55408 45 10 0.6366363636363637 1.0
-133.20708 -26.76079 -318.97073 45 10 0.6366363636363637 1.0
-153.39523 -30.879995 -337.85822 45 10 0.6366363636363637 1.0
-173.74698 -35.07799 -357.33347 45 10 0.6366363636363637 1.0
-193.72676 -39.462757 -376.70703 45 10 0.6366363636363637 1.0
-213.9469 -43.91005 -395.8936 45 10 0.6366363636363637 1.0
-233.98961 -48.50482 -415.123 45 10 0.6366363636363637 1.0
-254.1647 -53.18293 -434.35873 45 10 0.6366363636363637 1.0
-274.17648 -58.005733 -453.59128 45 10 0.6366363636363637 1.0
-294.15442 -62.946278 -472.7885 45 10 0.6366363636363637 1.0
-334.01645 -73.17841 -511.6587 45 10 0.6366363636363637 1.0
-353.95245 -78.458206 -530.8232 45 10 0.6366363636363637 1.0
-373.8728 -83.85083 -550.31134 45 10 0.6366363636363637 1.0
-393.6895 -89.37596 -569.32605 45 10 0.6366363636363637 1.0
-413.596 -94.9896 -588.5281 45 10 0.6366363636363637 1.0
-433.45847 -100.721664 -607.99945 45 10 0.6366363636363637 1.0
-453.39526 -106.544235 -627.26807 45 10 0.6366363636363637 1.0
-472.98767 -112.55591 -646.566 45 10 0.6366363636363637 1.0
-492.44037 -118.70983 -665.7534 45 10 0.6366363636363637 1.0
-512.3733 -124.855644 -685.17725 45 10 0.6366363636363637 1.0
-532.14404 -131.14716 -704.73267 45 10 0.6366363636363637 1.0
-551.5689 -137.63113 -723.72906 45 10 0.6366363636363637 1.0
-571.2386 -144.161 -743.2194 45 10 0.6366363636363637 1.0
-590.7396 -150.83965 -762.21356 45 10 0.6366363636363637 1.0
-610.41626 -157.5792 -781.7733 45 10 0.6366363636363637 1.0
-629.6915 -164.52824 -801.0176 45 10 0.6366363636363637 1.0
-649.34357 -171.4843 -820.49207 45 10 0.6366363636363637 1.0
-668.4993 -178.6767 -839.9255 45 10 0.6366363636363637 1.0
-688.0137 -185.87843 -859.21014 45 10 0.6366363636363637 1.0
-707.3941 -193.22023 -878.34436 45 10 0.6366363636363637 1.0
-726.7878 -200.66211 -897.9309 45 10 0.6366363636363637 1.0
-745.8905 -208.28831 -917.25165 45 10 0.6366363636363637 1.0
-765.3339 -215.92267 -936.7192 45 10 0.6366363636363637 1.0
-784.3508 -223.78033 -955.99054 45 10 0.6366363636363637 1.0
66.92933 -126.18468 232.01523 46 4 0.0911818181818182 0.636090909090909
75.598495 -145.05014 226.55658 46 4 0.0911818181818182 0.636090909090909
93.60855 -181.89896 215.47581 46 4 0.0911818181818182 0.636090909090909
102.61777 -200.51823 209.9567 46 4 0.0911818181818182 0.636090909090909
111.86444 -218.81006 204.02579 46 4 0.0911818181818182 0.636090909090909
121.084564 -237.2896 198.71059 46 4 0.0911818181818182 0.636090909090909
130.4429 -255.63385 193.2009 46 4 0.0911818181818182 0.636090909090909
149.44066 -292.1755 182.14925 46 4 0.0911818181818182 0.636090909090909
159.08235 -310.36725 176.5008 46 4 0.0911818181818182 0.636090909090909
168.78609 -328.5701 171.16092 46 4 0.0911818181818182 0.636090909090909
178.61926 -346.6521 165.45872 46 4 0.0911818181818182 0.636090909090909
188.41742 -364.93155 159.80568 46 4 0.0911818181818182 0.636090909090909
208.6226 -400.69812 148.66858 46 4 0.0911818181818182 0.636090909090909
218.73116 -418.76004 143.00296 46 4 0.0911818181818182 0.636090909090909
229.0434 -436.55682 137.61218 46 4 0.0911818181818182 0.636090909090909
239.35307 -454.48212 132.10957 46 4 0.0911818181818182 0.636090909090909
249.83876 -472.19537 126.49536 46 4 0.0911818181818182 0.636090909090909
260.29224 -490.09003 120.88965 46 4 0.0911818181818182 0.636090909090909
270.95316 -507.71335 115.28684 46 4 0.0911818181818182 0.636090909090909
281.6771 -525.33704 109.7839 46 4 0.0911818181818182 0.636090909090909
292.51398 -542.8671 104.06598 46 4 0.0911818181818182 0.636090909090909
303.38156 -560.45544 98.613396 46 4 0.0911818181818182 0.636090909090909
314.29013 -578.0809 93.019684 46 4 0.0911818181818182 0.636090909090909
325.44092 -595.3735 87.431595 46 4 0.0911818181818182 0.636090909090909
336.53088 -612.8883 81.928955 46 4 0.0911818181818182 0.636090909090909
347.9381 -629.9359 76.39094 46 4 0.0911818181818182 0.636090909090909
359.20837 -647.3404 70.70266 46 4 0.0911818181818182 0.636090909090909
370.65714 -664.5294 65.13349 46 4 0.0911818181818182 0.636090909090909
382.1574 -681.73126 59.528446 46 4 0.0911818181818182 0.636090909090909
393.7691 -698.838 54.044132 46 4 0.0911818181818182 0.636090909090909
405.35266 -716.0961 48.398308 46 4 0.0911818181818182 0.636090909090909
417.2525 -732.89667 42.94809 46 4 0.0911818181818182 0.636090909090909
