x y z track_id event_id time_left time_right
-100.00545 -90.046814 -40.32764 0 0 0.0 0.33299999999999996
-114.03936 -105.1163 -50.16222 0 0 0.0 0.33299999999999996
-127.93704 -120.31684 -60.362198 0 0 0.0 0.33299999999999996
-142.02602 -135.33754 -70.26913 0 0 0.0 0.33299999999999996
-155.828 -150.62828 -80.40304 0 0 0.0 0.33299999999999996
-169.5705 -165.97375 -90.41657 0 0 0.0 0.33299999999999996
-183.23245 -181.3931 -100.57587 0 0 0.0 0.33299999999999996
-196.88846 -196.8108 -110.38644 0 0 0.0 0.33299999999999996
-223.68135 -228.14 -130.3026 0 0 0.0 0.33299999999999996
-237.079 -243.7867 -140.63385 0 0 0.0 0.33299999999999996
-250.11191 -259.7965 -150.65953 0 0 0.0 0.33299999999999996
-276.36066 -291.58426 -170.69547 0 0 0.0 0.33299999999999996
-289.30176 -307.64505 -180.59221 0 0 0.0 0.33299999999999996
-315.07285 -339.8251 -200.79048 0 0 0.0 0.33299999999999996
-327.66812 -356.19547 -211.0028 0 0 0.0 0.33299999999999996
-340.3769 -372.41888 -220.99036 0 0 0.0 0.33299999999999996
-352.7446 -388.99094 -230.95418 0 0 0.0 0.33299999999999996
-365.21725 -405.42145 -240.95587 0 0 0.0 0.33299999999999996
-377.57242 -421.95383 -250.88445 0 0 0.0 0.33299999999999996
-389.66022 -438.75656 -260.81424 0 0 0.0 0.33299999999999996
-401.95508 -455.29523 -271.2713 0 0 0.0 0.33299999999999996
-413.92844 -472.16525 -281.18658 0 0 0.0 0.33299999999999996
-425.7711 -489.15186 -291.19403 0 0 0.0 0.33299999999999996
-437.72748 -505.97253 -301.25546 0 0 0.0 0.33299999999999996
-449.33527 -523.1598 -311.22772 0 0 0.0 0.33299999999999996
-461.01865 -540.2218 -321.51984 0 0 0.0 0.33299999999999996
-472.67343 -557.2766 -331.60764 0 0 0.0 0.33299999999999996
-484.04218 -574.6275 -341.53284 0 0 0.0 0.33299999999999996
-495.49573 -591.83496 -351.88702 0 0 0.0 0.33299999999999996
-506.80093 -609.17444 -361.78036 0 0 0.0 0.33299999999999996
-517.98425 -626.61426 -372.0732 0 0 0.0 0.33299999999999996
-529.0371 -644.1646 -382.0973 0 0 0.0 0.33299999999999996
-0.31371132 -131.0902 197.30486 1 1 0.0 0.44411111111111107
-6.2631693 -192.79056 176.70381 1 1 0.0 0.44411111111111107
-9.308241 -213.40508 169.74918 1 1 0.0 0.44411111111111107
-12.889191 -233.9175 162.88104 1 1 0.0 0.44411111111111107
-21.65664 -274.77643 149.009 1 1 0.0 0.44411111111111107
-26.849705 -295.05072 142.22232 1 1 0.0 0.44411111111111107
-38.8639 -335.25052 128.2209 1 1 0.0 0.44411111111111107
-45.672222 -355.28622 121.13614 1 1 0.0 0.44411111111111107
-53.04325 -375.05045 114.13358 1 1 0.0 0.44411111111111107
-60.94376 -394.79245 107.16223 1 1 0.0 0.44411111111111107
-69.37348 -414.48373 99.95861 1 1 0.0 0.44411111111111107
-78.370705 -433.88675 92.8044 1 1 0.0 0.44411111111111107
-87.94844 -452.95596 85.675514 1 1 0.0 0.44411111111111107
-98.02405 -472.11563 78.50121 1 1 0.0 0.44411111111111107
-108.68767 -490.90195 71.365036 1 1 0.0 0.44411111111111107
-119.8553 -509.6965 64.01656 1 1 0.0 0.44411111111111107
-131.65865 -527.9273 56.76838 1 1 0.0 0.44411111111111107
-143.99481 -546.03217 49.45374 1 1 0.0 0.44411111111111107
-156.78218 -564.28 42.122936 1 1 0.0 0.44411111111111107
-170.26155 -581.7805 34.86194 1 1 0.0 0.44411111111111107
-184.27617 -599.1039 27.403599 1 1 0.0 0.44411111111111107
-198.83386 -616.20233 20.126738 1 1 0.0 0.44411111111111107
-213.94792 -633.0172 12.513441 1 1 0.0 0.44411111111111107
-229.58449 -649.6304 4.956335 1 1 0.0 0.44411111111111107
-245.87886 -665.6482 -2.8437057 1 1 0.0 0.44411111111111107
-262.7124 -681.39825 -10.171917 1 1 0.0 0.44411111111111107
-280.0711 -696.8919 -18.161871 1 1 0.0 0.44411111111111107
-298.06958 -711.82794 -25.944885 1 1 0.0 0.44411111111111107
-316.60437 -726.4487 -33.80116 1 1 0.0 0.44411111111111107
-335.71375 -740.6442 -41.631508 1 1 0.0 0.44411111111111107
-355.5189 -754.14056 -49.538074 1 1 0.0 0.44411111111111107
87.13724 101.21522 662.302 2 5 0.22255555555555562 0.8885555555555555
101.73613 115.75187 733.10333 2 5 0.22255555555555562 0.8885555555555555
116.271576 130.39471 804.35626 2 5 0.22255555555555562 0.8885555555555555
131.15987 144.66689 875.2941 2 5 0.22255555555555562 0.8885555555555555
146.28275 158.70207 946.15314 2 5 0.22255555555555562 0.8885555555555555
161.57437 172.56932 1017.2713 2 5 0.22255555555555562 0.8885555555555555
177.03163 186.26733 1088.2092 2 5 0.22255555555555562 0.8885555555555555
192.66432 199.7815 1159.3961 2 5 0.22255555555555562 0.8885555555555555
208.4468 213.13405 1230.5559 2 5 0.22255555555555562 0.8885555555555555
224.40181 226.29716 1301.7983 2 5 0.22255555555555562 0.8885555555555555
240.55176 239.2447 1373.1415 2 5 0.22255555555555562 0.8885555555555555
256.82553 252.04364 1444.4836 2 5 0.22255555555555562 0.8885555555555555
273.50955 264.41116 1515.8533 2 5 0.22255555555555562 0.8885555555555555
290.0848 276.8484 1586.985 2 5 0.22255555555555562 0.8885555555555555
306.9706 288.94608 1658.4928 2 5 0.22255555555555562 0.8885555555555555
323.96738 300.89133 1730.287 2 5 0.22255555555555562 0.8885555555555555
341.23566 312.53137 1801.8806 2 5 0.22255555555555562 0.8885555555555555
358.56964 324.05258 1873.5608 2 5 0.22255555555555562 0.8885555555555555
375.96616 335.45053 1945.3983 2 5 0.22255555555555562 0.8885555555555555
393.61765 346.54874 2017.0813 2 5 0.22255555555555562 0.8885555555555555
411.56638 357.3103 2089.1128 2 5 0.22255555555555562 0.8885555555555555
429.34918 368.13324 2160.938 2 5 0.22255555555555562 0.8885555555555555
447.5914 378.47424 2233.0645 2 5 0.22255555555555562 0.8885555555555555
465.97217 388.60773 2305.1401 2 5 0.22255555555555562 0.8885555555555555
484.61017 398.43195 2377.488 2 5 0.22255555555555562 0.8885555555555555
-131.0844 -50.749268 184.76952 3 1 0.0 0.44411111111111107
-149.93768 -59.132812 176.31964 3 1 0.0 0.44411111111111107
-168.73682 -67.46001 167.52126 3 1 0.0 0.44411111111111107
-187.70027 -75.643776 158.68582 3 1 0.0 0.44411111111111107
-206.63783 -83.759926 150.2197 3 1 0.0 0.44411111111111107
-225.52454 -91.81883 141.40482 3 1 0.0 0.44411111111111107
-244.57483 -99.73294 132.66145 3 1 0.0 0.44411111111111107
-263.61786 -107.571434 123.85419 3 1 0.0 0.44411111111111107
-282.60947 -115.352005 115.30701 3 1 0.0 0.44411111111111107
-301.70908 -123.00926 106.70702 3 1 0.0 0.44411111111111107
-321.0107 -130.50473 97.889404 3 1 0.0 0.44411111111111107
-340.2857 -137.9313 89.17387 3 1 0.0 0.44411111111111107
-359.5038 -145.30072 80.38778 3 1 0.0 0.44411111111111107
-378.86426 -152.53204 71.57518 3 1 0.0 0.44411111111111107
-398.18692 -159.69768 63.121178 3 1 0.0 0.44411111111111107
-417.41013 -166.8216 54.471806 3 1 0.0 0.44411111111111107
-436.8951 -173.75905 45.556484 3 1 0.0 0.44411111111111107
-456.37643 -180.61603 37.17765 3 1 0.0 0.44411111111111107
-475.8592 -187.38998 28.212883 3 1 0.0 0.44411111111111107
-495.33374 -194.08415 19.60938 3 1 0.0 0.44411111111111107
-514.7765 -200.70715 10.918812 3 1 0.0 0.44411111111111107
-534.31775 -207.20772 2.081381 3 1 0.0 0.44411111111111107
-554.02356 -213.56044 -6.6150565 3 1 0.0 0.44411111111111107
-573.81604 -219.79573 -15.400169 3 1 0.0 0.44411111111111107
-593.60156 -225.9493 -24.158028 3 1 0.0 0.44411111111111107
-613.2295 -232.07755 -32.787888 3 1 0.0 0.44411111111111107
-633.0045 -238.06421 -41.410305 3 1 0.0 0.44411111111111107
-652.7607 -243.97183 -50.27672 3 1 0.0 0.44411111111111107
-672.5894 -249.76572 -58.873783 3 1 0.0 0.44411111111111107
-692.4725 -255.45262 -67.79011 3 1 0.0 0.44411111111111107
-712.3483 -261.05487 -76.406815 3 1 0.0 0.44411111111111107
-752.3745 -271.8961 -93.813156 3 1 0.0 0.44411111111111107
-772.3462 -277.19943 -102.67526 3 1 0.0 0.44411111111111107
-792.2551 -282.43613 -111.31884 3 1 0.0 0.44411111111111107
7.7991724 129.98688 414.9728 4 3 0.00033333333333335213 0.6663333333333332
7.7178693 150.57812 465.83353 4 3 0.00033333333333335213 0.6663333333333332
7.745173 171.17815 516.5828 4 3 0.00033333333333335213 0.6663333333333332
7.875332 191.92621 567.4109 4 3 0.00033333333333335213 0.6663333333333332
8.121962 212.4959 618.3024 4 3 0.00033333333333335213 0.6663333333333332
8.47578 233.10152 668.99567 4 3 0.00033333333333335213 0.6663333333333332
8.94101 253.6283 719.92206 4 3 0.00033333333333335213 0.6663333333333332
9.51232 274.2258 770.77637 4 3 0.00033333333333335213 0.6663333333333332
10.19326 294.79453 821.47375 4 3 0.00033333333333335213 0.6663333333333332
10.979107 315.4706 872.47614 4 3 0.00033333333333335213 0.6663333333333332
11.876341 336.0662 923.1414 4 3 0.00033333333333335213 0.6663333333333332
12.887755 356.5073 974.1038 4 3 0.00033333333333335213 0.6663333333333332
13.996608 377.25705 1024.8865 4 3 0.00033333333333335213 0.6663333333333332
15.220009 397.84198 1075.8298 4 3 0.00033333333333335213 0.6663333333333332
16.563715 418.13065 1126.6505 4 3 0.00033333333333335213 0.6663333333333332
18.00142 438.7953 1177.3864 4 3 0.00033333333333335213 0.6663333333333332
19.541414 459.60187 1228.4424 4 3 0.00033333333333335213 0.6663333333333332
21.206512 480.01685 1279.3844 4 3 0.00033333333333335213 0.6663333333333332
22.971472 500.63242 1330.2545 4 3 0.00033333333333335213 0.6663333333333332
24.848568 521.1684 1381.3131 4 3 0.00033333333333335213 0.6663333333333332
26.828936 541.81177 1432.0084 4 3 0.00033333333333335213 0.6663333333333332
28.93432 562.1271 1483.1101 4 3 0.00033333333333335213 0.6663333333333332
31.138248 582.645 1533.9398 4 3 0.00033333333333335213 0.6663333333333332
33.44467 603.27185 1584.6735 4 3 0.00033333333333335213 0.6663333333333332
35.861427 623.85864 1635.7269 4 3 0.00033333333333335213 0.6663333333333332
38.396942 644.26697 1686.7925 4 3 0.00033333333333335213 0.6663333333333332
41.032314 664.8204 1737.7875 4 3 0.00033333333333335213 0.6663333333333332
43.77655 685.36224 1788.8173 4 3 0.00033333333333335213 0.6663333333333332
46.638504 705.7585 1839.81 4 3 0.00033333333333335213 0.6663333333333332
49.608807 726.1593 1890.8854 4 3 0.00033333333333335213 0.6663333333333332
52.672546 746.7745 1941.8579 4 3 0.00033333333333335213 0.6663333333333332
55.866577 767.07684 1993.0189 4 3 0.00033333333333335213 0.6663333333333332
59.1609 787.493 2044.0117 4 3 0.00033333333333335213 0.6663333333333332
62.551712 808.06055 2094.9739 4 3 0.00033333333333335213 0.6663333333333332
66.07657 828.2944 2146.1843 4 3 0.00033333333333335213 0.6663333333333332
60.82572 -134.48373 -74.7749 5 3 0.00033333333333335213 0.6663333333333332
67.76714 -153.94392 -97.47944 5 3 0.00033333333333335213 0.6663333333333332
74.694916 -173.18326 -120.373825 5 3 0.00033333333333335213 0.6663333333333332
81.34464 -192.80911 -143.01471 5 3 0.00033333333333335213 0.6663333333333332
87.90915 -212.37541 -165.75223 5 3 0.00033333333333335213 0.6663333333333332
94.39215 -231.86525 -188.63832 5 3 0.00033333333333335213 0.6663333333333332
100.74082 -251.40282 -211.21123 5 3 0.00033333333333335213 0.6663333333333332
106.902985 -271.11942 -234.26146 5 3 0.00033333333333335213 0.6663333333333332
118.842865 -310.65192 -279.65143 5 3 0.00033333333333335213 0.6663333333333332
124.72443 -330.18863 -302.51154 5 3 0.00033333333333335213 0.6663333333333332
130.37823 -350.01294 -325.37097 5 3 0.00033333333333335213 0.6663333333333332
135.8518 -370.00443 -348.18027 5 3 0.00033333333333335213 0.6663333333333332
141.21558 -389.97235 -370.9803 5 3 0.00033333333333335213 0.6663333333333332
146.43745 -410.00235 -393.74173 5 3 0.00033333333333335213 0.6663333333333332
151.53665 -430.0392 -416.6395 5 3 0.00033333333333335213 0.6663333333333332
156.588 -449.8651 -439.42056 5 3 0.00033333333333335213 0.6663333333333332
161.41063 -469.99515 -462.25485 5 3 0.00033333333333335213 0.6663333333333332
166.1466 -490.01944 -485.22986 5 3 0.00033333333333335213 0.6663333333333332
170.6792 -510.27966 -508.02786 5 3 0.00033333333333335213 0.6663333333333332
175.08624 -530.5465 -530.7374 5 3 0.00033333333333335213 0.6663333333333332
179.3709 -550.80743 -553.82275 5 3 0.00033333333333335213 0.6663333333333332
183.53575 -571.0511 -576.8424 5 3 0.00033333333333335213 0.6663333333333332
187.5777 -591.2836 -599.4879 5 3 0.00033333333333335213 0.6663333333333332
191.48978 -611.52386 -622.4239 5 3 0.00033333333333335213 0.6663333333333332
195.23152 -631.9002 -645.3479 5 3 0.00033333333333335213 0.6663333333333332
198.79744 -652.43317 -668.491 5 3 0.00033333333333335213 0.6663333333333332
202.29962 -672.75354 -691.24274 5 3 0.00033333333333335213 0.6663333333333332
205.60146 -693.31 -714.2642 5 3 0.00033333333333335213 0.6663333333333332
208.83786 -713.6484 -737.0548 5 3 0.00033333333333335213 0.6663333333333332
211.8648 -734.2556 -759.96344 5 3 0.00033333333333335213 0.6663333333333332
214.7951 -754.7438 -782.9561 5 3 0.00033333333333335213 0.6663333333333332
217.5749 -775.29675 -805.845 5 3 0.00033333333333335213 0.6663333333333332
220.17793 -796.0092 -828.8496 5 3 0.00033333333333335213 0.6663333333333332
222.7233 -816.44855 -851.8245 5 3 0.00033333333333335213 0.6663333333333332
83.2844 109.540825 -87.45056 6 3 0.00033333333333335213 0.6663333333333332
93.48704 127.47647 -112.15715 6 3 0.00033333333333335213 0.6663333333333332
103.58882 145.43509 -136.94856 6 3 0.00033333333333335213 0.6663333333333332
113.58997 163.40804 -161.78748 6 3 0.00033333333333335213 0.6663333333333332
123.25727 181.73174 -186.36612 6 3 0.00033333333333335213 0.6663333333333332
132.94347 199.89069 -211.3965 6 3 0.00033333333333335213 0.6663333333333332
142.4848 218.11829 -235.84149 6 3 0.00033333333333335213 0.6663333333333332
151.70815 236.6817 -260.61127 6 3 0.00033333333333335213 0.6663333333333332
160.93494 255.08261 -285.34576 6 3 0.00033333333333335213 0.6663333333333332
169.9915 273.5862 -310.03647 6 3 0.00033333333333335213 0.6663333333333332
178.8292 292.27106 -334.79318 6 3 0.00033333333333335213 0.6663333333333332
187.56471 310.94617 -359.6371 6 3 0.00033333333333335213 0.6663333333333332
196.1618 329.6665 -384.34457 6 3 0.00033333333333335213 0.6663333333333332
204.41489 348.77902 -409.11942 6 3 0.00033333333333335213 0.6663333333333332
212.70374 367.63846 -433.96405 6 3 0.00033333333333335213 0.6663333333333332
220.87215 386.50253 -458.87146 6 3 0.00033333333333335213 0.6663333333333332
228.70471 405.7485 -483.51263 6 3 0.00033333333333335213 0.6663333333333332
236.45557 424.92966 -508.61124 6 3 0.00033333333333335213 0.6663333333333332
244.10074 444.08203 -533.2202 6 3 0.00033333333333335213 0.6663333333333332
251.48378 463.48773 -558.17206 6 3 0.00033333333333335213 0.6663333333333332
258.7379 482.90292 -582.8324 6 3 0.00033333333333335213 0.6663333333333332
265.78616 502.46844 -608.02203 6 3 0.00033333333333335213 0.6663333333333332
272.79376 521.86884 -632.78674 6 3 0.00033333333333335213 0.6663333333333332
279.42917 541.7352 -657.69055 6 3 0.00033333333333335213 0.6663333333333332
286.18198 561.12 -682.66846 6 3 0.00033333333333335213 0.6663333333333332
292.55444 580.98865 -707.47 6 3 0.00033333333333335213 0.6663333333333332
298.92957 600.5845 -732.553 6 3 0.00033333333333335213 0.6663333333333332
304.99963 620.51874 -757.21576 6 3 0.00033333333333335213 0.6663333333333332
310.85544 640.61237 -782.30365 6 3 0.00033333333333335213 0.6663333333333332
316.53882 660.779 -807.36774 6 3 0.00033333333333335213 0.6663333333333332
322.24512 680.60406 -832.3549 6 3 0.00033333333333335213 0.6663333333333332
327.62283 700.8216 -857.38116 6 3 0.00033333333333335213 0.6663333333333332
332.86548 721.0227 -882.3147 6 3 0.00033333333333335213 0.6663333333333332
337.90808 741.34436 -907.45386 6 3 0.00033333333333335213 0.6663333333333332
342.78836 761.7026 -932.62286 6 3 0.00033333333333335213 0.6663333333333332
149.3242 11.050762 88.6733 7 9 0.667 1.0
169.73396 12.511939 93.99033 7 9 0.667 1.0
190.4424 13.84142 99.23844 7 9 0.667 1.0
211.09422 15.065466 104.20265 7 9 0.667 1.0
231.4274 16.202171 109.398476 7 9 0.667 1.0
272.71744 18.101557 119.79194 7 9 0.667 1.0
293.1931 18.897272 125.08025 7 9 0.667 1.0
313.7144 19.57939 130.11827 7 9 0.667 1.0
334.3929 20.141336 135.3268 7 9 0.667 1.0
355.14645 20.588804 140.3366 7 9 0.667 1.0
375.6254 20.941694 145.50616 7 9 0.667 1.0
396.25766 21.175154 150.80775 7 9 0.667 1.0
416.8553 21.29975 155.99823 7 9 0.667 1.0
437.43982 21.314089 161.11609 7 9 0.667 1.0
478.57935 21.010813 171.43022 7 9 0.667 1.0
519.92725 20.254202 181.81418 7 9 0.667 1.0
540.67773 19.706722 186.90787 7 9 0.667 1.0
561.26807 19.054039 191.96243 7 9 0.667 1.0
581.7681 18.29269 197.20732 7 9 0.667 1.0
602.54504 17.411312 202.27988 7 9 0.667 1.0
623.2989 16.419857 207.85133 7 9 0.667 1.0
643.7287 15.325262 212.85982 7 9 0.667 1.0
664.41644 14.11263 217.93365 7 9 0.667 1.0
684.95264 12.791542 223.20459 7 9 0.667 1.0
705.65643 11.355652 228.35791 7 9 0.667 1.0
726.1898 9.810787 233.5249 7 9 0.667 1.0
746.8316 8.152548 238.79901 7 9 0.667 1.0
767.4486 6.3828597 243.95718 7 9 0.667 1.0
788.3927 4.4994965 249.11737 7 9 0.667 1.0
808.8341 2.507576 254.48058 7 9 0.667 1.0
829.30383 0.4028887 259.53552 7 9 0.667 1.0
849.9536 -1.8140297 264.57626 7 9 0.667 1.0
49.045464 -135.42961 144.2487 8 9 0.667 1.0
54.320053 -155.39136 157.3473 8 9 0.667 1.0
59.48797 -175.40897 170.93207 8 9 0.667 1.0
64.59838 -195.33427 184.11006 8 9 0.667 1.0
69.635506 -215.2061 197.49582 8 9 0.667 1.0
74.51128 -235.29713 210.95782 8 9 0.667 1.0
79.27807 -255.4499 224.15494 8 9 0.667 1.0
84.02414 -275.37595 237.39925 8 9 0.667 1.0
88.665245 -295.34192 250.86597 8 9 0.667 1.0
93.14086 -315.55338 264.32816 8 9 0.667 1.0
97.53091 -335.7452 277.64304 8 9 0.667 1.0
101.820946 -355.96487 290.79382 8 9 0.667 1.0
106.07034 -376.00125 304.43698 8 9 0.667 1.0
110.20624 -396.10645 317.70306 8 9 0.667 1.0
114.19916 -416.38947 331.06628 8 9 0.667 1.0
118.09152 -436.6992 344.26422 8 9 0.667 1.0
121.950165 -456.78442 357.63916 8 9 0.667 1.0
125.68021 -476.99478 371.00885 8 9 0.667 1.0
129.19606 -497.66336 384.39154 8 9 0.667 1.0
132.80627 -517.603 397.71173 8 9 0.667 1.0
136.12941 -538.29083 411.29852 8 9 0.667 1.0
139.46828 -558.5422 424.43182 8 9 0.667 1.0
142.6597 -579.0002 437.91415 8 9 0.667 1.0
145.76326 -599.42645 451.1901 8 9 0.667 1.0
148.7981 -619.7384 464.66315 8 9 0.667 1.0
151.66234 -640.3599 477.95712 8 9 0.667 1.0
154.44264 -660.9311 491.38358 8 9 0.667 1.0
157.21985 -681.098 504.82318 8 9 0.667 1.0
159.80383 -701.6778 518.204 8 9 0.667 1.0
162.30583 -722.1905 531.5071 8 9 0.667 1.0
164.72554 -742.6331 545.1063 8 9 0.667 1.0
167.00919 -763.24725 558.24713 8 9 0.667 1.0
169.20068 -783.8347 571.5821 8 9 0.667 1.0
171.26273 -804.5681 585.0504 8 9 0.667 1.0
173.33205 -824.80096 598.38135 8 9 0.667 1.0
-13.557698 -136.91266 529.26697 9 6 0.33366666666666667 0.9996666666666666
-16.883764 -157.31046 642.40265 9 6 0.33366666666666667 0.9996666666666666
-20.331043 -177.6427 755.84296 9 6 0.33366666666666667 0.9996666666666666
-23.900826 -197.90709 869.3543 9 6 0.33366666666666667 0.9996666666666666
-27.586487 -218.16214 982.66345 9 6 0.33366666666666667 0.9996666666666666
-31.383549 -238.43954 1096.2545 9 6 0.33366666666666667 0.9996666666666666
-35.326786 -258.479 1209.715 9 6 0.33366666666666667 0.9996666666666666
-39.344284 -278.81076 1323.203 9 6 0.33366666666666667 0.9996666666666666
-43.46711 -299.1913 1436.5901 9 6 0.33366666666666667 0.9996666666666666
-47.755135 -319.21414 1550.0837 9 6 0.33366666666666667 0.9996666666666666
-52.12134 -339.4717 1663.8268 9 6 0.33366666666666667 0.9996666666666666
-56.617184 -359.61716 1777.2108 9 6 0.33366666666666667 0.9996666666666666
-61.262203 -379.53497 1890.8121 9 6 0.33366666666666667 0.9996666666666666
-65.997116 -399.5973 2004.3552 9 6 0.33366666666666667 0.9996666666666666
-70.85578 -419.59134 2117.8962 9 6 0.33366666666666667 0.9996666666666666
-75.80106 -439.73456 2231.6904 9 6 0.33366666666666667 0.9996666666666666
-80.86934 -459.8086 2345.1362 9 6 0.33366666666666667 0.9996666666666666
-81.84591 124.799805 140.5261 10 0 0.0 0.33299999999999996
-92.997475 142.0204 157.04648 10 0 0.0 0.33299999999999996
-103.77474 159.65056 173.83643 10 0 0.0 0.33299999999999996
-114.471405 177.23726 190.26712 10 0 0.0 0.33299999999999996
-124.84293 195.15584 206.95567 10 0 0.0 0.33299999999999996
-135.09467 213.0849 223.53954 10 0 0.0 0.33299999999999996
-155.19127 249.02664 256.76135 10 0 0.0 0.33299999999999996
-164.83342 267.35638 273.29 10 0 0.0 0.33299999999999996
-174.41992 285.57367 290.13852 10 0 0.0 0.33299999999999996
-183.729 304.03528 306.60638 10 0 0.0 0.33299999999999996
-192.75616 322.7498 323.36877 10 0 0.0 0.33299999999999996
-201.69841 341.38522 340.2097 10 0 0.0 0.33299999999999996
-210.56029 359.92413 356.84073 10 0 0.0 0.33299999999999996
-218.98505 378.97363 373.3739 10 0 0.0 0.33299999999999996
-227.29291 397.98373 390.0295 10 0 0.0 0.33299999999999996
-235.4173 417.06384 406.57562 10 0 0.0 0.33299999999999996
-243.31018 436.29547 423.3325 10 0 0.0 0.33299999999999996
-251.04828 455.5377 440.41058 10 0 0.0 0.33299999999999996
-258.58127 474.8761 456.72025 10 0 0.0 0.33299999999999996
-265.84253 494.4309 473.82382 10 0 0.0 0.33299999999999996
-272.98697 513.91144 490.31052 10 0 0.0 0.33299999999999996
-279.75632 533.79987 507.147 10 0 0.0 0.33299999999999996
-286.53116 553.3697 523.9616 10 0 0.0 0.33299999999999996
-292.95892 573.29083 540.8396 10 0 0.0 0.33299999999999996
-299.3016 593.0506 557.5272 10 0 0.0 0.33299999999999996
-305.25613 613.24365 574.3266 10 0 0.0 0.33299999999999996
-311.16437 633.1843 591.28503 10 0 0.0 0.33299999999999996
-316.75162 653.42163 608.2673 10 0 0.0 0.33299999999999996
-322.1615 673.65985 624.9108 10 0 0.0 0.33299999999999996
-332.27725 714.47864 658.9828 10 0 0.0 0.33299999999999996
-337.09567 734.80817 675.846 10 0 0.0 0.33299999999999996
-341.54758 755.529 692.8584 10 0 0.0 0.33299999999999996
-345.7707 776.34143 709.76715 10 0 0.0 0.33299999999999996
-85.31334 -110.64634 269.78067 11 8 0.5558888888888889 1.0
-95.904 -128.23154 286.1201 11 8 0.5558888888888889 1.0
-106.15565 -146.20088 302.27832 11 8 0.5558888888888889 1.0
-116.44837 -164.04337 318.64395 11 8 0.5558888888888889 1.0
-126.73717 -181.80968 334.7462 11 8 0.5558888888888889 1.0
-136.75824 -199.87724 350.95828 11 8 0.5558888888888889 1.0
-146.86972 -217.72653 367.42496 11 8 0.5558888888888889 1.0
-156.70605 -235.89436 383.46213 11 8 0.5558888888888889 1.0
-166.4734 -254.07677 399.7351 11 8 0.5558888888888889 1.0
-176.20264 -272.22342 415.8961 11 8 0.5558888888888889 1.0
-185.94446 -290.25092 432.21985 11 8 0.5558888888888889 1.0
-195.33682 -308.72467 448.25336 11 8 0.5558888888888889 1.0
-204.78043 -327.01706 464.5053 11 8 0.5558888888888889 1.0
-214.02211 -345.5281 480.75146 11 8 0.5558888888888889 1.0
-223.26784 -363.92642 496.89923 11 8 0.5558888888888889 1.0
-241.49052 -400.82843 529.5052 11 8 0.5558888888888889 1.0
-250.40883 -419.42792 545.77985 11 8 0.5558888888888889 1.0
-259.21536 -438.09848 562.0086 11 8 0.5558888888888889 1.0
-267.9172 -456.8276 578.18866 11 8 0.5558888888888889 1.0
-285.04633 -494.3908 610.5362 11 8 0.5558888888888889 1.0
-293.45822 -513.2492 626.82556 11 8 0.5558888888888889 1.0
-301.73807 -532.2111 643.0888 11 8 0.5558888888888889 1.0
-309.987 -551.09717 659.27094 11 8 0.5558888888888889 1.0
-318.0924 -570.10535 675.7216 11 8 0.5558888888888889 1.0
-326.1327 -589.09485 691.99817 11 8 0.5558888888888889 1.0
-334.0197 -608.2238 708.17053 11 8 0.5558888888888889 1.0
-341.7383 -627.52136 724.6183 11 8 0.5558888888888889 1.0
-349.52292 -646.5557 740.87964 11 8 0.5558888888888889 1.0
-357.25513 -665.53937 757.03094 11 8 0.5558888888888889 1.0
-364.52432 -685.2411 773.3562 11 8 0.5558888888888889 1.0
-371.92734 -704.54517 789.8127 11 8 0.5558888888888889 1.0
-379.25003 -723.84906 805.9243 11 8 0.5558888888888889 1.0
-386.40457 -743.31976 822.3427 11 8 0.5558888888888889 1.0
109.3442 -84.309586 24.482466 12 5 0.22255555555555562 0.8885555555555555
125.90859 -96.48976 2.8300958 12 5 0.22255555555555562 0.8885555555555555
142.5044 -108.695885 -19.129961 12 5 0.22255555555555562 0.8885555555555555
159.0394 -120.99843 -40.707874 12 5 0.22255555555555562 0.8885555555555555
175.50954 -133.39963 -62.351166 12 5 0.22255555555555562 0.8885555555555555
191.87975 -145.92523 -84.618034 12 5 0.22255555555555562 0.8885555555555555
207.99016 -158.69635 -106.44303 12 5 0.22255555555555562 0.8885555555555555
240.35077 -184.27142 -150.11133 12 5 0.22255555555555562 0.8885555555555555
256.3039 -197.30066 -171.89946 12 5 0.22255555555555562 0.8885555555555555
272.16708 -210.4432 -193.82921 12 5 0.22255555555555562 0.8885555555555555
288.09625 -223.57732 -215.61456 12 5 0.22255555555555562 0.8885555555555555
303.96143 -236.80202 -237.65176 12 5 0.22255555555555562 0.8885555555555555
319.587 -250.2537 -259.36118 12 5 0.22255555555555562 0.8885555555555555
335.13647 -263.80463 -281.2145 12 5 0.22255555555555562 0.8885555555555555
350.62164 -277.44452 -303.25842 12 5 0.22255555555555562 0.8885555555555555
366.10568 -291.12204 -325.04865 12 5 0.22255555555555562 0.8885555555555555
381.48712 -304.9164 -346.92517 12 5 0.22255555555555562 0.8885555555555555
396.62335 -318.94165 -368.7896 12 5 0.22255555555555562 0.8885555555555555
411.96356 -332.83575 -390.8481 12 5 0.22255555555555562 0.8885555555555555
426.7911 -347.1768 -412.594 12 5 0.22255555555555562 0.8885555555555555
441.7875 -361.41223 -434.48935 12 5 0.22255555555555562 0.8885555555555555
456.76038 -375.69595 -456.583 12 5 0.22255555555555562 0.8885555555555555
471.50516 -390.19537 -478.38995 12 5 0.22255555555555562 0.8885555555555555
486.17276 -404.78604 -500.46387 12 5 0.22255555555555562 0.8885555555555555
500.66443 -419.54956 -522.293 12 5 0.22255555555555562 0.8885555555555555
515.2561 -434.25385 -544.34937 12 5 0.22255555555555562 0.8885555555555555
529.69495 -449.1094 -566.13934 12 5 0.22255555555555562 0.8885555555555555
544.25 -463.8868 -588.2717 12 5 0.22255555555555562 0.8885555555555555
558.25977 -479.14957 -610.09625 12 5 0.22255555555555562 0.8885555555555555
572.50104 -494.23312 -632.3578 12 5 0.22255555555555562 0.8885555555555555
586.40686 -509.62405 -654.0483 12 5 0.22255555555555562 0.8885555555555555
600.31104 -525.03345 -676.2035 12 5 0.22255555555555562 0.8885555555555555
614.2597 -540.4183 -698.3542 12 5 0.22255555555555562 0.8885555555555555
627.9851 -556.0123 -720.1929 12 5 0.22255555555555562 0.8885555555555555
-53.010403 140.33241 57.957363 13 1 0.0 0.44411111111111107
-62.092228 158.84337 30.78812 13 1 0.0 0.44411111111111107
-81.679924 195.2709 -24.313972 13 1 0.0 0.44411111111111107
-92.07636 213.4057 -51.815094 13 1 0.0 0.44411111111111107
-103.09318 230.95403 -79.29074 13 1 0.0 0.44411111111111107
-126.46085 265.46237 -134.47804 13 1 0.0 0.44411111111111107
-138.84673 282.30884 -162.35217 13 1 0.0 0.44411111111111107
-151.5709 299.11862 -190.27661 13 1 0.0 0.44411111111111107
-164.89119 315.36032 -218.05214 13 1 0.0 0.44411111111111107
-178.64062 331.35205 -246.08911 13 1 0.0 0.44411111111111107
-192.82365 347.06516 -274.18863 13 1 0.0 0.44411111111111107
-207.40799 362.53668 -302.13724 13 1 0.0 0.44411111111111107
-222.44424 377.6572 -330.37714 13 1 0.0 0.44411111111111107
-238.04442 392.2269 -358.68527 13 1 0.0 0.44411111111111107
-254.02534 406.53958 -387.01758 13 1 0.0 0.44411111111111107
-270.51532 420.3707 -415.7944 13 1 0.0 0.44411111111111107
-287.3418 433.97333 -444.31683 13 1 0.0 0.44411111111111107
-304.53024 447.28027 -473.32324 13 1 0.0 0.44411111111111107
-322.26376 460.00443 -502.14102 13 1 0.0 0.44411111111111107
-340.38724 472.35782 -531.27985 13 1 0.0 0.44411111111111107
-358.91013 484.30573 -560.54193 13 1 0.0 0.44411111111111107
-377.87433 495.77277 -589.868 13 1 0.0 0.44411111111111107
-397.2609 506.7672 -619.3622 13 1 0.0 0.44411111111111107
-437.13635 527.4653 -679.1471 13 1 0.0 0.44411111111111107
-457.89438 536.80615 -709.1652 13 1 0.0 0.44411111111111107
-478.8365 545.8807 -739.25616 13 1 0.0 0.44411111111111107
-500.2739 554.3023 -769.87866 13 1 0.0 0.44411111111111107
-521.90393 562.38544 -800.4294 13 1 0.0 0.44411111111111107
-544.0543 569.747 -831.57153 13 1 0.0 0.44411111111111107
-566.53015 576.575 -862.59717 13 1 0.0 0.44411111111111107
-589.5773 582.5983 -894.0496 13 1 0.0 0.44411111111111107
-612.9247 588.06976 -925.7558 13 1 0.0 0.44411111111111107
98.46825 -98.1757 -791.66833 14 5 0.22255555555555562 0.8885555555555555
113.34976 -112.41362 -932.1311 14 5 0.22255555555555562 0.8885555555555555
128.09848 -126.79249 -1072.9557 14 5 0.22255555555555562 0.8885555555555555
142.9763 -141.05246 -1213.42 14 5 0.22255555555555562 0.8885555555555555
157.46541 -155.7041 -1353.8804 14 5 0.22255555555555562 0.8885555555555555
171.97328 -170.34315 -1494.7574 14 5 0.22255555555555562 0.8885555555555555
186.34604 -185.12027 -1635.7184 14 5 0.22255555555555562 0.8885555555555555
200.63861 -199.97934 -1776.0869 14 5 0.22255555555555562 0.8885555555555555
228.62402 -230.29701 -2057.8694 14 5 0.22255555555555562 0.8885555555555555
242.50829 -245.56139 -2198.6763 14 5 0.22255555555555562 0.8885555555555555
256.26672 -260.9477 -2339.6226 14 5 0.22255555555555562 0.8885555555555555
121.98498 -60.16586 2.3572357 15 4 0.11144444444444446 0.7774444444444444
140.63156 -68.566635 35.749344 15 4 0.11144444444444446 0.7774444444444444
159.5388 -76.977264 69.19876 15 4 0.11144444444444446 0.7774444444444444
178.0862 -85.698524 102.548096 15 4 0.11144444444444446 0.7774444444444444
196.79958 -94.47582 136.12329 15 4 0.11144444444444446 0.7774444444444444
215.42043 -103.432556 169.58675 15 4 0.11144444444444446 0.7774444444444444
233.91043 -112.58597 202.8144 15 4 0.11144444444444446 0.7774444444444444
252.33844 -121.90188 236.51352 15 4 0.11144444444444446 0.7774444444444444
270.4312 -131.51187 269.84995 15 4 0.11144444444444446 0.7774444444444444
288.71277 -141.16095 303.4502 15 4 0.11144444444444446 0.7774444444444444
306.91388 -150.97812 336.84995 15 4 0.11144444444444446 0.7774444444444444
324.91608 -161.02095 370.43124 15 4 0.11144444444444446 0.7774444444444444
342.99298 -171.15305 404.06305 15 4 0.11144444444444446 0.7774444444444444
360.90814 -181.49042 437.3324 15 4 0.11144444444444446 0.7774444444444444
378.5513 -192.08876 470.91742 15 4 0.11144444444444446 0.7774444444444444
396.31985 -202.74612 504.43008 15 4 0.11144444444444446 0.7774444444444444
414.0332 -213.55179 538.12164 15 4 0.11144444444444446 0.7774444444444444
431.4816 -224.6133 571.8351 15 4 0.11144444444444446 0.7774444444444444
448.97812 -235.76755 605.4063 15 4 0.11144444444444446 0.7774444444444444
466.16434 -247.20137 639.07654 15 4 0.11144444444444446 0.7774444444444444
483.6036 -258.61542 672.6117 15 4 0.11144444444444446 0.7774444444444444
500.68994 -270.3306 706.1763 15 4 0.11144444444444446 0.7774444444444444
517.8384 -282.12338 740.0212 15 4 0.11144444444444446 0.7774444444444444
534.8298 -294.11078 773.57837 15 4 0.11144444444444446 0.7774444444444444
551.5116 -306.37714 807.3093 15 4 0.11144444444444446 0.7774444444444444
568.36145 -318.6568 841.07544 15 4 0.11144444444444446 0.7774444444444444
585.0201 -331.14774 874.7789 15 4 0.11144444444444446 0.7774444444444444
601.3959 -343.90244 908.5391 15 4 0.11144444444444446 0.7774444444444444
617.71857 -356.79007 942.6163 15 4 0.11144444444444446 0.7774444444444444
634.25366 -369.65387 976.2963 15 4 0.11144444444444446 0.7774444444444444
650.44305 -382.8156 1010.21515 15 4 0.11144444444444446 0.7774444444444444
666.6019 -396.09073 1044.0226 15 4 0.11144444444444446 0.7774444444444444
682.6613 -409.5181 1077.931 15 4 0.11144444444444446 0.7774444444444444
698.44617 -423.20224 1111.9132 15 4 0.11144444444444446 0.7774444444444444
714.3226 -436.9207 1146.0779 15 4 0.11144444444444446 0.7774444444444444
-141.15524 50.976376 197.70265 16 8 0.5558888888888889 1.0
-159.88535 59.727932 202.9774 16 8 0.5558888888888889 1.0
-178.26266 68.97657 208.08289 16 8 0.5558888888888889 1.0
-196.79008 78.52228 213.31673 16 8 0.5558888888888889 1.0
-214.55513 88.7229 218.70956 16 8 0.5558888888888889 1.0
-232.41866 99.22809 223.85686 16 8 0.5558888888888889 1.0
-250.44142 109.99308 229.38408 16 8 0.5558888888888889 1.0
-267.60312 121.45902 234.42555 16 8 0.5558888888888889 1.0
-284.87872 133.19055 239.71252 16 8 0.5558888888888889 1.0
-302.12085 145.23781 244.96489 16 8 0.5558888888888889 1.0
-318.85425 157.82085 250.29146 16 8 0.5558888888888889 1.0
-335.1666 170.89934 255.58356 16 8 0.5558888888888889 1.0
-351.54654 184.21729 261.2036 16 8 0.5558888888888889 1.0
-367.33752 198.10692 266.386 16 8 0.5558888888888889 1.0
-383.07257 212.27953 271.7325 16 8 0.5558888888888889 1.0
-398.29153 226.97931 277.01385 16 8 0.5558888888888889 1.0
-413.486 241.92119 282.41464 16 8 0.5558888888888889 1.0
-428.18344 257.36807 287.79184 16 8 0.5558888888888889 1.0
-442.73785 273.10208 293.30344 16 8 0.5558888888888889 1.0
-456.66785 289.411 298.73267 16 8 0.5558888888888889 1.0
-470.40695 306.01865 304.24722 16 8 0.5558888888888889 1.0
-483.8905 322.95148 309.5281 16 8 0.5558888888888889 1.0
-496.88965 340.35193 314.9052 16 8 0.5558888888888889 1.0
-509.55847 358.10834 320.5409 16 8 0.5558888888888889 1.0
-521.88715 376.21548 326.3254 16 8 0.5558888888888889 1.0
-545.2806 413.6139 337.3377 16 8 0.5558888888888889 1.0
-556.38116 432.85745 343.0665 16 8 0.5558888888888889 1.0
-567.08716 452.44476 348.742 16 8 0.5558888888888889 1.0
-577.10315 472.60312 354.2715 16 8 0.5558888888888889 1.0
-587.2492 492.64703 360.01337 16 8 0.5558888888888889 1.0
-596.47516 513.4297 365.93918 16 8 0.5558888888888889 1.0
-605.23804 534.5631 371.50018 16 8 0.5558888888888889 1.0
-613.6106 555.96564 377.3605 16 8 0.5558888888888889 1.0
-621.57886 577.6278 383.31247 16 8 0.5558888888888889 1.0
110.37862 -100.81015 66.49951 17 2 0.0 0.5552222222222222
139.27066 -130.15662 38.587284 17 2 0.0 0.5552222222222222
153.56673 -144.98029 24.678661 17 2 0.0 0.5552222222222222
168.02397 -159.65527 10.588909 17 2 0.0 0.5552222222222222
182.10423 -174.69136 -3.4436426 17 2 0.0 0.5552222222222222
196.21765 -189.69801 -17.505959 17 2 0.0 0.5552222222222222
210.1725 -204.85867 -31.394548 17 2 0.0 0.5552222222222222
224.0542 -220.0904 -45.645977 17 2 0.0 0.5552222222222222
237.95079 -235.30516 -59.50198 17 2 0.0 0.5552222222222222
251.81097 -250.55124 -73.665764 17 2 0.0 0.5552222222222222
265.44617 -266.0158 -87.516785 17 2 0.0 0.5552222222222222
279.04266 -281.51312 -101.56228 17 2 0.0 0.5552222222222222
292.6113 -297.03046 -115.683586 17 2 0.0 0.5552222222222222
306.13315 -312.58524 -129.82458 17 2 0.0 0.5552222222222222
319.33932 -328.4525 -143.91258 17 2 0.0 0.5552222222222222
332.60904 -344.24347 -157.56898 17 2 0.0 0.5552222222222222
345.73083 -360.17474 -171.8564 17 2 0.0 0.5552222222222222
358.86865 -376.07483 -185.71098 17 2 0.0 0.5552222222222222
371.87268 -392.099 -200.04565 17 2 0.0 0.5552222222222222
384.68143 -408.31262 -213.70575 17 2 0.0 0.5552222222222222
397.61432 -424.37585 -227.96167 17 2 0.0 0.5552222222222222
410.11322 -440.88354 -241.91763 17 2 0.0 0.5552222222222222
422.8569 -457.1078 -256.1375 17 2 0.0 0.5552222222222222
435.31787 -473.61502 -270.0449 17 2 0.0 0.5552222222222222
447.8121 -490.06247 -283.96582 17 2 0.0 0.5552222222222222
460.06308 -506.75134 -298.30795 17 2 0.0 0.5552222222222222
472.37677 -523.345 -312.31686 17 2 0.0 0.5552222222222222
484.49133 -540.13116 -326.343 17 2 0.0 0.5552222222222222
496.56512 -556.93396 -340.39938 17 2 0.0 0.5552222222222222
508.54004 -573.81683 -354.58572 17 2 0.0 0.5552222222222222
532.3457 -607.6464 -382.52747 17 2 0.0 0.5552222222222222
543.8994 -624.90784 -396.7937 17 2 0.0 0.5552222222222222
555.4845 -642.0979 -410.86526 17 2 0.0 0.5552222222222222
63.859425 134.50829 -175.82697 18 6 0.33366666666666667 0.9996666666666666
73.39791 152.63023 -164.04044 18 6 0.33366666666666667 0.9996666666666666
83.0468 170.96617 -152.56642 18 6 0.33366666666666667 0.9996666666666666
93.05886 188.9842 -141.04886 18 6 0.33366666666666667 0.9996666666666666
103.357025 206.83998 -129.32619 18 6 0.33366666666666667 0.9996666666666666
113.80803 224.7917 -118.04935 18 6 0.33366666666666667 0.9996666666666666
124.65516 242.35008 -106.190994 18 6 0.33366666666666667 0.9996666666666666
147.13052 277.0753 -82.838394 18 6 0.33366666666666667 0.9996666666666666
158.74106 294.26175 -71.31329 18 6 0.33366666666666667 0.9996666666666666
170.66039 311.21085 -59.99306 18 6 0.33366666666666667 0.9996666666666666
182.78734 328.10214 -48.238075 18 6 0.33366666666666667 0.9996666666666666
195.27391 344.6565 -36.4775 18 6 0.33366666666666667 0.9996666666666666
207.96239 361.1504 -24.685678 18 6 0.33366666666666667 0.9996666666666666
220.84952 377.57846 -13.047103 18 6 0.33366666666666667 0.9996666666666666
234.13454 393.59476 -1.4454571 18 6 0.33366666666666667 0.9996666666666666
247.59164 409.57843 10.224339 18 6 0.33366666666666667 0.9996666666666666
261.30536 425.3792 22.120182 18 6 0.33366666666666667 0.9996666666666666
275.3705 440.83932 33.91075 18 6 0.33366666666666667 0.9996666666666666
289.48813 456.4318 45.568745 18 6 0.33366666666666667 0.9996666666666666
303.9824 471.6326 57.379032 18 6 0.33366666666666667 0.9996666666666666
318.67722 486.71414 69.11481 18 6 0.33366666666666667 0.9996666666666666
333.75354 501.3951 81.00712 18 6 0.33366666666666667 0.9996666666666666
349.11298 515.82465 92.79842 18 6 0.33366666666666667 0.9996666666666666
364.53928 530.3139 104.6814 18 6 0.33366666666666667 0.9996666666666666
380.36884 544.3628 116.540565 18 6 0.33366666666666667 0.9996666666666666
396.2885 558.4174 128.58327 18 6 0.33366666666666667 0.9996666666666666
412.45645 572.24243 140.5022 18 6 0.33366666666666667 0.9996666666666666
428.96536 585.70557 152.24966 18 6 0.33366666666666667 0.9996666666666666
445.71506 598.9422 164.26172 18 6 0.33366666666666667 0.9996666666666666
462.60715 612.0765 176.29274 18 6 0.33366666666666667 0.9996666666666666
479.95465 624.68884 188.2836 18 6 0.33366666666666667 0.9996666666666666
497.38602 637.263 200.25249 18 6 0.33366666666666667 0.9996666666666666
515.0146 649.6405 212.4862 18 6 0.33366666666666667 0.9996666666666666
532.9928 661.62396 224.74368 18 6 0.33366666666666667 0.9996666666666666
127.58688 -43.003853 101.379906 19 0 0.0 0.33299999999999996
146.32977 -51.451675 112.22163 19 0 0.0 0.33299999999999996
165.27702 -59.96646 122.979 19 0 0.0 0.33299999999999996
183.60439 -68.846825 133.76974 19 0 0.0 0.33299999999999996
202.30472 -77.727165 144.68666 19 0 0.0 0.33299999999999996
220.85799 -86.798256 155.74205 19 0 0.0 0.33299999999999996
239.32988 -96.03488 166.43787 19 0 0.0 0.33299999999999996
257.5316 -105.513695 177.11882 19 0 0.0 0.33299999999999996
275.8205 -115.08914 188.0827 19 0 0.0 0.33299999999999996
294.19632 -124.75668 198.92995 19 0 0.0 0.33299999999999996
311.98636 -134.80222 209.65416 19 0 0.0 0.33299999999999996
330.19046 -144.7969 220.62163 19 0 0.0 0.33299999999999996
348.06213 -155.06207 231.39264 19 0 0.0 0.33299999999999996
365.8303 -165.49834 242.27214 19 0 0.0 0.33299999999999996
383.77783 -175.97537 253.35428 19 0 0.0 0.33299999999999996
401.43765 -186.7043 263.96194 19 0 0.0 0.33299999999999996
419.06778 -197.56639 275.09546 19 0 0.0 0.33299999999999996
436.55014 -208.616 285.80325 19 0 0.0 0.33299999999999996
454.0535 -219.77151 296.6474 19 0 0.0 0.33299999999999996
488.48175 -242.70662 318.41086 19 0 0.0 0.33299999999999996
522.77405 -266.15616 340.21066 19 0 0.0 0.33299999999999996
539.69183 -278.15988 351.16336 19 0 0.0 0.33299999999999996
556.5135 -290.32037 362.20416 19 0 0.0 0.33299999999999996
573.2109 -302.65137 373.04083 19 0 0.0 0.33299999999999996
589.9827 -315.04617 383.9359 19 0 0.0 0.33299999999999996
606.468 -327.69553 394.97552 19 0 0.0 0.33299999999999996
622.82477 -340.51544 405.71887 19 0 0.0 0.33299999999999996
639.14294 -353.45566 416.79166 19 0 0.0 0.33299999999999996
655.5322 -366.45248 427.76376 19 0 0.0 0.33299999999999996
671.7451 -379.64145 438.40506 19 0 0.0 0.33299999999999996
687.8168 -393.00266 449.5127 19 0 0.0 0.33299999999999996
703.7045 -406.56027 460.5828 19 0 0.0 0.33299999999999996
719.4454 -420.293 471.68314 19 0 0.0 0.33299999999999996
86.3685 109.7281 -3.2452621 20 2 0.0 0.5552222222222222
99.70311 125.57452 -27.782558 20 2 0.0 0.5552222222222222
113.45203 141.15126 -52.298904 20 2 0.0 0.5552222222222222
127.900696 156.08138 -77.25212 20 2 0.0 0.5552222222222222
142.67314 170.80574 -101.76749 20 2 0.0 0.5552222222222222
157.89381 185.14314 -126.571915 20 2 0.0 0.5552222222222222
173.79184 198.80522 -151.53638 20 2 0.0 0.5552222222222222
190.2235 211.94553 -176.48524 20 2 0.0 0.5552222222222222
206.98616 224.7663 -201.40378 20 2 0.0 0.5552222222222222
224.11986 237.19038 -226.44507 20 2 0.0 0.5552222222222222
241.68216 249.12741 -251.76118 20 2 0.0 0.5552222222222222
259.99835 260.22607 -277.0339 20 2 0.0 0.5552222222222222
278.51404 271.02817 -302.3978 20 2 0.0 0.5552222222222222
297.51355 281.2207 -327.9081 20 2 0.0 0.5552222222222222
316.83832 290.92926 -353.65387 20 2 0.0 0.5552222222222222
336.74643 299.89133 -379.67612 20 2 0.0 0.5552222222222222
356.98334 308.31537 -405.5469 20 2 0.0 0.5552222222222222
377.68692 316.05405 -431.75925 20 2 0.0 0.5552222222222222
420.0188 329.7658 -484.64374 20 2 0.0 0.5552222222222222
441.84818 335.52042 -511.2687 20 2 0.0 0.5552222222222222
463.78915 340.75363 -538.16785 20 2 0.0 0.5552222222222222
486.3286 345.0726 -565.37024 20 2 0.0 0.5552222222222222
509.21716 348.6369 -592.7129 20 2 0.0 0.5552222222222222
532.3436 351.48996 -620.3594 20 2 0.0 0.5552222222222222
555.6177 353.6509 -647.9939 20 2 0.0 0.5552222222222222
579.4916 354.7977 -676.39856 20 2 0.0 0.5552222222222222
603.25 355.33826 -704.74646 20 2 0.0 0.5552222222222222
627.72095 354.74008 -733.4428 20 2 0.0 0.5552222222222222
652.113 353.4251 -762.4936 20 2 0.0 0.5552222222222222
676.82324 351.1241 -792.135 20 2 0.0 0.5552222222222222
726.9124 343.55225 -852.1347 20 2 0.0 0.5552222222222222
752.2471 338.21112 -882.78516 20 2 0.0 0.5552222222222222
777.7662 331.7716 -913.99927 20 2 0.0 0.5552222222222222
-80.53618 -113.41912 225.7225 21 8 0.5558888888888889 1.0
-101.49608 -148.9304 244.39049 21 8 0.5558888888888889 1.0
-112.140945 -166.56943 254.15965 21 8 0.5558888888888889 1.0
-122.9889 -183.98871 263.3488 21 8 0.5558888888888889 1.0
-133.7705 -201.59038 272.9831 21 8 0.5558888888888889 1.0
-144.74883 -218.9796 282.47055 21 8 0.5558888888888889 1.0
-155.71956 -236.46407 292.1654 21 8 0.5558888888888889 1.0
-166.80841 -253.85297 301.25583 21 8 0.5558888888888889 1.0
-178.0841 -271.04062 310.90717 21 8 0.5558888888888889 1.0
-189.3926 -288.26074 320.33115 21 8 0.5558888888888889 1.0
-223.77403 -339.71478 348.46176 21 8 0.5558888888888889 1.0
-247.16928 -373.69473 367.5516 21 8 0.5558888888888889 1.0
-259.10352 -390.44376 377.32767 21 8 0.5558888888888889 1.0
-271.0422 -407.26263 386.4092 21 8 0.5558888888888889 1.0
-282.98975 -424.14313 395.9662 21 8 0.5558888888888889 1.0
-295.099 -440.855 405.50763 21 8 0.5558888888888889 1.0
-307.4375 -457.2982 415.11285 21 8 0.5558888888888889 1.0
-319.68204 -473.9535 424.46072 21 8 0.5558888888888889 1.0
-332.14835 -490.3508 434.0854 21 8 0.5558888888888889 1.0
-344.533 -506.93817 443.4916 21 8 0.5558888888888889 1.0
-357.13492 -523.27386 452.8351 21 8 0.5558888888888889 1.0
-369.71332 -539.71094 462.36752 21 8 0.5558888888888889 1.0
-382.42252 -556.02234 472.0374 21 8 0.5558888888888889 1.0
-395.33286 -572.10645 481.35928 21 8 0.5558888888888889 1.0
-408.13858 -588.40515 491.00952 21 8 0.5558888888888889 1.0
-421.25787 -604.31433 500.41544 21 8 0.5558888888888889 1.0
-434.34488 -620.3315 510.03308 21 8 0.5558888888888889 1.0
-447.50616 -636.3021 519.47675 21 8 0.5558888888888889 1.0
-460.79492 -652.1501 528.9283 21 8 0.5558888888888889 1.0
-474.07352 -668.0694 538.3528 21 8 0.5558888888888889 1.0
-487.60773 -683.6847 548.0782 21 8 0.5558888888888889 1.0
85.02166 -99.74506 -6.272685 22 0 0.0 0.33299999999999996
98.16181 -115.6169 -11.213125 22 0 0.0 0.33299999999999996
111.376015 -131.4361 -16.28472 22 0 0.0 0.33299999999999996
124.9157 -146.90573 -21.408787 22 0 0.0 0.33299999999999996
138.23816 -162.66356 -26.376076 22 0 0.0 0.33299999999999996
151.86623 -178.09386 -31.412874 22 0 0.0 0.33299999999999996
165.59363 -193.43869 -36.34035 22 0 0.0 0.33299999999999996
179.40643 -208.71361 -41.383877 22 0 0.0 0.33299999999999996
193.14233 -224.10593 -46.4806 22 0 0.0 0.33299999999999996
207.19624 -239.15634 -51.262974 22 0 0.0 0.33299999999999996
221.17174 -254.3231 -56.416706 22 0 0.0 0.33299999999999996
249.54254 -284.2454 -66.52699 22 0 0.0 0.33299999999999996
263.87112 -299.07635 -71.509514 22 0 0.0 0.33299999999999996
278.1792 -313.9503 -76.5332 22 0 0.0 0.33299999999999996
292.8285 -328.4585 -81.528114 22 0 0.0 0.33299999999999996
307.3828 -343.09137 -86.56859 22 0 0.0 0.33299999999999996
321.98096 -357.69077 -91.552536 22 0 0.0 0.33299999999999996
336.89566 -371.95367 -96.86767 22 0 0.0 0.33299999999999996
351.63647 -386.42215 -101.682365 22 0 0.0 0.33299999999999996
366.50665 -400.75925 -106.54551 22 0 0.0 0.33299999999999996
381.69177 -414.7632 -111.721756 22 0 0.0 0.33299999999999996
396.8703 -428.7847 -116.8828 22 0 0.0 0.33299999999999996
411.92688 -442.9451 -122.06457 22 0 0.0 0.33299999999999996
427.52466 -456.53122 -126.9288 22 0 0.0 0.33299999999999996
442.76266 -470.50766 -131.99907 22 0 0.0 0.33299999999999996
473.85397 -497.8157 -141.9042 22 0 0.0 0.33299999999999996
489.59595 -511.26617 -146.91687 22 0 0.0 0.33299999999999996
505.2238 -524.8353 -152.04184 22 0 0.0 0.33299999999999996
521.0756 -538.1696 -157.17723 22 0 0.0 0.33299999999999996
536.9796 -551.4471 -162.13211 22 0 0.0 0.33299999999999996
552.9462 -564.65564 -167.25105 22 0 0.0 0.33299999999999996
569.1759 -577.5905 -172.30328 22 0 0.0 0.33299999999999996
585.34314 -590.58264 -177.32191 22 0 0.0 0.33299999999999996
96.48668 -111.26944 22.713469 23 9 0.667 1.0
110.33194 -126.5776 17.95256 23 9 0.667 1.0
124.55113 -141.54253 13.289672 23 9 0.667 1.0
138.97107 -156.35385 8.67987 23 9 0.667 1.0
153.68936 -170.89127 4.188389 23 9 0.667 1.0
168.66899 -185.18759 -0.6381168 23 9 0.667 1.0
183.95819 -199.18129 -5.202525 23 9 0.667 1.0
199.51208 -212.91335 -9.932332 23 9 0.667 1.0
215.40062 -226.30147 -14.423732 23 9 0.667 1.0
231.72887 -239.23183 -19.381895 23 9 0.667 1.0
248.07294 -252.13588 -23.812176 23 9 0.667 1.0
264.70044 -264.72507 -28.372084 23 9 0.667 1.0
281.62598 -276.97787 -33.141132 23 9 0.667 1.0
298.8552 -288.88242 -37.683487 23 9 0.667 1.0
316.22562 -300.58722 -42.73022 23 9 0.667 1.0
334.04102 -311.79477 -47.21089 23 9 0.667 1.0
351.84357 -322.9264 -51.982975 23 9 0.667 1.0
370.13464 -333.50928 -56.534264 23 9 0.667 1.0
388.62683 -343.8014 -61.5308 23 9 0.667 1.0
407.32297 -353.78995 -66.07282 23 9 0.667 1.0
426.1968 -363.4874 -71.018036 23 9 0.667 1.0
445.4436 -372.71927 -75.637375 23 9 0.667 1.0
464.75293 -381.73874 -80.503265 23 9 0.667 1.0
484.42282 -390.2895 -85.27123 23 9 0.667 1.0
504.13754 -398.61893 -89.84691 23 9 0.667 1.0
524.19806 -406.47714 -94.962944 23 9 0.667 1.0
544.46155 -413.96997 -99.70187 23 9 0.667 1.0
565.13635 -420.933 -104.623505 23 9 0.667 1.0
585.6638 -427.77444 -109.50804 23 9 0.667 1.0
606.53613 -434.1176 -114.22076 23 9 0.667 1.0
627.7255 -439.97937 -119.058716 23 9 0.667 1.0
648.87994 -445.5976 -124.27376 23 9 0.667 1.0
670.33136 -450.73013 -129.03366 23 9 0.667 1.0
692.0447 -455.39548 -134.1725 23 9 0.667 1.0
713.9844 -459.61035 -139.17099 23 9 0.667 1.0
43.085857 141.59953 2.828708 24 6 0.33366666666666667 0.9996666666666666
49.400322 161.50385 40.39053 24 6 0.33366666666666667 0.9996666666666666
56.178776 180.71213 77.62524 24 6 0.33366666666666667 0.9996666666666666
63.06822 200.3646 115.318016 24 6 0.33366666666666667 0.9996666666666666
70.322914 219.63806 152.57799 24 6 0.33366666666666667 0.9996666666666666
77.87075 238.76286 190.2108 24 6 0.33366666666666667 0.9996666666666666
85.64018 257.95288 227.59433 24 6 0.33366666666666667 0.9996666666666666
93.707115 276.97 265.13467 24 6 0.33366666666666667 0.9996666666666666
102.04847 295.8804 302.6836 24 6 0.33366666666666667 0.9996666666666666
110.57172 314.94284 340.328 24 6 0.33366666666666667 0.9996666666666666
119.49793 333.52057 378.0353 24 6 0.33366666666666667 0.9996666666666666
128.69405 351.99448 415.55377 24 6 0.33366666666666667 0.9996666666666666
138.06587 370.61243 453.1668 24 6 0.33366666666666667 0.9996666666666666
147.69214 389.1475 490.94928 24 6 0.33366666666666667 0.9996666666666666
157.66577 407.35272 528.4997 24 6 0.33366666666666667 0.9996666666666666
167.88805 425.48535 566.43005 24 6 0.33366666666666667 0.9996666666666666
178.42952 443.3623 604.2393 24 6 0.33366666666666667 0.9996666666666666
189.14218 461.34717 642.2636 24 6 0.33366666666666667 0.9996666666666666
200.14124 479.14618 680.00183 24 6 0.33366666666666667 0.9996666666666666
211.38716 496.8502 717.70636 24 6 0.33366666666666667 0.9996666666666666
223.02875 514.1091 756.2559 24 6 0.33366666666666667 0.9996666666666666
234.78838 531.56323 794.09827 24 6 0.33366666666666667 0.9996666666666666
246.82794 548.8298 832.3554 24 6 0.33366666666666667 0.9996666666666666
271.80743 582.6597 908.5559 24 6 0.33366666666666667 0.9996666666666666
284.63953 599.44946 946.8597 24 6 0.33366666666666667 0.9996666666666666
297.74396 616.0531 985.3714 24 6 0.33366666666666667 0.9996666666666666
311.21036 632.28503 1023.60535 24 6 0.33366666666666667 0.9996666666666666
324.86935 648.48956 1062.1332 24 6 0.33366666666666667 0.9996666666666666
338.69797 664.6998 1100.7219 24 6 0.33366666666666667 0.9996666666666666
352.8415 680.6217 1139.3796 24 6 0.33366666666666667 0.9996666666666666
367.19846 696.4485 1178.0182 24 6 0.33366666666666667 0.9996666666666666
381.94324 711.8462 1216.8577 24 6 0.33366666666666667 0.9996666666666666
396.8913 727.16046 1255.9056 24 6 0.33366666666666667 0.9996666666666666
411.99646 742.46466 1294.6814 24 6 0.33366666666666667 0.9996666666666666
0.21850194 146.42668 -224.33551 25 6 0.33366666666666667 0.9996666666666666
-0.23657732 166.80104 -219.59575 25 6 0.33366666666666667 0.9996666666666666
-0.5839593 187.47188 -215.25708 25 6 0.33366666666666667 0.9996666666666666
-0.8233548 208.18083 -210.5295 25 6 0.33366666666666667 0.9996666666666666
-0.9552143 228.85594 -206.0684 25 6 0.33366666666666667 0.9996666666666666
-0.97982436 249.45741 -201.5117 25 6 0.33366666666666667 0.9996666666666666
-0.89773065 269.79816 -197.15663 25 6 0.33366666666666667 0.9996666666666666
-0.706146 290.72485 -192.36266 25 6 0.33366666666666667 0.9996666666666666
-0.40834868 311.07837 -187.96585 25 6 0.33366666666666667 0.9996666666666666
-0.0022496402 331.90228 -183.38367 25 6 0.33366666666666667 0.9996666666666666
0.5115351 352.30246 -178.90784 25 6 0.33366666666666667 0.9996666666666666
1.1328517 372.972 -174.32578 25 6 0.33366666666666667 0.9996666666666666
1.8609383 393.80115 -169.57156 25 6 0.33366666666666667 0.9996666666666666
2.699862 414.0341 -165.04002 25 6 0.33366666666666667 0.9996666666666666
3.6420736 434.96472 -160.6172 25 6 0.33366666666666667 0.9996666666666666
4.6946254 455.52545 -156.02016 25 6 0.33366666666666667 0.9996666666666666
5.8556595 476.04254 -151.3725 25 6 0.33366666666666667 0.9996666666666666
7.123694 496.63855 -146.94205 25 6 0.33366666666666667 0.9996666666666666
8.500701 517.164 -142.3178 25 6 0.33366666666666667 0.9996666666666666
9.985166 537.7246 -137.8648 25 6 0.33366666666666667 0.9996666666666666
11.574384 558.4395 -133.07536 25 6 0.33366666666666667 0.9996666666666666
13.279984 578.75696 -128.84654 25 6 0.33366666666666667 0.9996666666666666
15.087144 599.3703 -124.17533 25 6 0.33366666666666667 0.9996666666666666
17.003197 619.9392 -119.68701 25 6 0.33366666666666667 0.9996666666666666
19.0276 640.491 -115.2045 25 6 0.33366666666666667 0.9996666666666666
21.159414 661.0579 -110.60603 25 6 0.33366666666666667 0.9996666666666666
23.395344 681.7318 -105.98198 25 6 0.33366666666666667 0.9996666666666666
25.752216 702.0323 -101.45824 25 6 0.33366666666666667 0.9996666666666666
28.209572 722.5499 -96.84918 25 6 0.33366666666666667 0.9996666666666666
30.766134 743.27747 -92.20681 25 6 0.33366666666666667 0.9996666666666666
33.43171 763.95526 -87.550644 25 6 0.33366666666666667 0.9996666666666666
36.226 784.16315 -83.203156 25 6 0.33366666666666667 0.9996666666666666
39.114075 804.68866 -78.599754 25 6 0.33366666666666667 0.9996666666666666
42.10417 825.3238 -74.07618 25 6 0.33366666666666667 0.9996666666666666
45.21955 845.61725 -69.355095 25 6 0.33366666666666667 0.9996666666666666
-135.05765 -103.63298 -83.94672 26 4 0.11144444444444446 0.7774444444444444
-151.01848 -116.55763 -66.04071 26 4 0.11144444444444446 0.7774444444444444
-167.19795 -129.36168 -47.99732 26 4 0.11144444444444446 0.7774444444444444
-183.30385 -142.2682 -29.984404 26 4 0.11144444444444446 0.7774444444444444
-199.1087 -155.45352 -12.0633 26 4 0.11144444444444446 0.7774444444444444
-215.05215 -168.57402 5.832035 26 4 0.11144444444444446 0.7774444444444444
-230.56238 -182.07721 23.673538 26 4 0.11144444444444446 0.7774444444444444
-246.22383 -195.50258 41.79587 26 4 0.11144444444444446 0.7774444444444444
-261.78415 -209.04735 59.553318 26 4 0.11144444444444446 0.7774444444444444
-277.04318 -222.87154 77.69054 26 4 0.11144444444444446 0.7774444444444444
-292.5851 -236.50462 95.52944 26 4 0.11144444444444446 0.7774444444444444
-307.7461 -250.48033 113.55088 26 4 0.11144444444444446 0.7774444444444444
-322.7199 -264.6433 131.55998 26 4 0.11144444444444446 0.7774444444444444
-337.84146 -278.7177 149.66956 26 4 0.11144444444444446 0.7774444444444444
-352.6967 -293.04242 167.44313 26 4 0.11144444444444446 0.7774444444444444
-367.58966 -307.365 185.40857 26 4 0.11144444444444446 0.7774444444444444
-396.91238 -336.47888 221.4491 26 4 0.11144444444444446 0.7774444444444444
-411.47397 -351.15747 239.76413 26 4 0.11144444444444446 0.7774444444444444
-440.32574 -380.81204 275.4819 26 4 0.11144444444444446 0.7774444444444444
-454.366 -396.00317 293.56543 26 4 0.11144444444444446 0.7774444444444444
-468.67102 -410.98148 311.68796 26 4 0.11144444444444446 0.7774444444444444
-482.58566 -426.3178 329.56577 26 4 0.11144444444444446 0.7774444444444444
-496.58514 -441.59372 347.61084 26 4 0.11144444444444446 0.7774444444444444
-510.4157 -457.03183 365.91617 26 4 0.11144444444444446 0.7774444444444444
-524.0632 -472.64508 383.82272 26 4 0.11144444444444446 0.7774444444444444
-537.8653 -488.1271 402.03754 26 4 0.11144444444444446 0.7774444444444444
-551.0841 -504.14673 419.96948 26 4 0.11144444444444446 0.7774444444444444
-564.56714 -519.9314 437.89276 26 4 0.11144444444444446 0.7774444444444444
-577.7317 -536.01324 456.20047 26 4 0.11144444444444446 0.7774444444444444
-590.96796 -552.03076 474.20105 26 4 0.11144444444444446 0.7774444444444444
-603.9989 -568.24 492.4749 26 4 0.11144444444444446 0.7774444444444444
-616.91394 -584.5568 510.6902 26 4 0.11144444444444446 0.7774444444444444
109.963455 -49.843304 198.2103 27 8 0.5558888888888889 1.0
128.37202 -58.8336 203.50676 27 8 0.5558888888888889 1.0
146.96123 -67.878235 208.99673 27 8 0.5558888888888889 1.0
165.45392 -77.10196 214.31158 27 8 0.5558888888888889 1.0
183.48302 -86.676834 219.6856 27 8 0.5558888888888889 1.0
201.99297 -96.157585 224.95412 27 8 0.5558888888888889 1.0
219.9284 -106.04263 230.05351 27 8 0.5558888888888889 1.0
238.10046 -115.94369 235.47911 27 8 0.5558888888888889 1.0
256.20093 -126.00617 240.91724 27 8 0.5558888888888889 1.0
274.0635 -136.3114 246.03654 27 8 0.5558888888888889 1.0
291.64493 -146.88242 251.5405 27 8 0.5558888888888889 1.0
327.09735 -168.24745 261.9372 27 8 0.5558888888888889 1.0
344.61072 -179.21872 267.31287 27 8 0.5558888888888889 1.0
379.45956 -201.60529 278.1325 27 8 0.5558888888888889 1.0
396.58597 -213.12924 283.27936 27 8 0.5558888888888889 1.0
413.74466 -224.749 288.6779 27 8 0.5558888888888889 1.0
430.85828 -236.50343 294.0099 27 8 0.5558888888888889 1.0
464.42343 -260.70312 304.80426 27 8 0.5558888888888889 1.0
481.30045 -272.9089 310.0162 27 8 0.5558888888888889 1.0
497.99448 -285.3205 315.36932 27 8 0.5558888888888889 1.0
514.44763 -297.97162 320.8891 27 8 0.5558888888888889 1.0
530.81665 -310.7717 326.0047 27 8 0.5558888888888889 1.0
546.9011 -323.83755 331.48694 27 8 0.5558888888888889 1.0
563.1244 -336.91803 336.82556 27 8 0.5558888888888889 1.0
579.21936 -350.16858 342.3612 27 8 0.5558888888888889 1.0
611.2222 -377.05338 352.92218 27 8 0.5558888888888889 1.0
626.7079 -390.9463 358.3362 27 8 0.5558888888888889 1.0
642.41266 -404.7889 363.66565 27 8 0.5558888888888889 1.0
657.84515 -418.88608 369.08035 27 8 0.5558888888888889 1.0
673.45087 -432.9529 374.42834 27 8 0.5558888888888889 1.0
688.66 -447.35242 379.92532 27 8 0.5558888888888889 1.0
92.76974 -114.09158 81.68867 28 9 0.667 1.0
104.299675 -131.22627 85.588455 28 9 0.667 1.0
115.92633 -148.16928 89.694626 28 9 0.667 1.0
127.381836 -165.25272 93.75245 28 9 0.667 1.0
138.5391 -182.64563 97.90696 28 9 0.667 1.0
149.54982 -200.15315 102.06227 28 9 0.667 1.0
160.77158 -217.29073 105.999626 28 9 0.667 1.0
171.65062 -234.79811 110.21713 28 9 0.667 1.0
182.29863 -252.52962 114.51306 28 9 0.667 1.0
203.4112 -287.956 122.42476 28 9 0.667 1.0
213.77388 -305.7872 126.67806 28 9 0.667 1.0
223.96762 -323.75247 130.539 28 9 0.667 1.0
234.16124 -341.6055 134.90253 28 9 0.667 1.0
243.9944 -359.87018 138.78876 28 9 0.667 1.0
253.9092 -377.89664 142.9162 28 9 0.667 1.0
263.51895 -396.25525 146.95749 28 9 0.667 1.0
273.00858 -414.6712 151.4065 28 9 0.667 1.0
282.55087 -432.87735 155.30588 28 9 0.667 1.0
291.74966 -451.47696 159.60704 28 9 0.667 1.0
300.86414 -470.07254 163.68365 28 9 0.667 1.0
309.84012 -488.7457 167.48668 28 9 0.667 1.0
318.72455 -507.42007 171.49849 28 9 0.667 1.0
327.331 -526.39154 175.669 28 9 0.667 1.0
336.04852 -545.0337 179.86972 28 9 0.667 1.0
344.48224 -563.9801 183.97475 28 9 0.667 1.0
352.7583 -583.02704 188.29532 28 9 0.667 1.0
360.8743 -602.1778 192.5972 28 9 0.667 1.0
368.99927 -621.14685 196.37143 28 9 0.667 1.0
376.79037 -640.5081 200.62355 28 9 0.667 1.0
384.54608 -659.757 204.75032 28 9 0.667 1.0
392.20667 -678.99 208.77669 28 9 0.667 1.0
399.61246 -698.4821 213.0594 28 9 0.667 1.0
406.7904 -718.1896 216.95285 28 9 0.667 1.0
414.0796 -737.5107 221.27324 28 9 0.667 1.0
95.021454 -92.9294 132.51874 29 7 0.4447777777777778 1.0
110.39096 -106.65873 119.2147 29 7 0.4447777777777778 1.0
126.00147 -120.13838 106.04582 29 7 0.4447777777777778 1.0
141.67827 -133.53293 93.013214 29 7 0.4447777777777778 1.0
157.50333 -146.75996 79.85027 29 7 0.4447777777777778 1.0
173.40195 -159.88515 66.57071 29 7 0.4447777777777778 1.0
189.59338 -172.7032 53.493 29 7 0.4447777777777778 1.0
222.28189 -197.93391 27.337357 29 7 0.4447777777777778 1.0
238.98381 -210.15746 14.130958 29 7 0.4447777777777778 1.0
255.73982 -222.27992 0.9745672 29 7 0.4447777777777778 1.0
272.6349 -234.22255 -12.227996 29 7 0.4447777777777778 1.0
289.57446 -246.06252 -25.546358 29 7 0.4447777777777778 1.0
306.7663 -257.61966 -38.617775 29 7 0.4447777777777778 1.0
324.32028 -268.80316 -51.85616 29 7 0.4447777777777778 1.0
341.65042 -280.09705 -65.08588 29 7 0.4447777777777778 1.0
359.22125 -291.1115 -78.23433 29 7 0.4447777777777778 1.0
377.01447 -301.8614 -91.50139 29 7 0.4447777777777778 1.0
394.94806 -312.4111 -104.922295 29 7 0.4447777777777778 1.0
413.06805 -322.72202 -117.79552 29 7 0.4447777777777778 1.0
431.1893 -332.93567 -131.31056 29 7 0.4447777777777778 1.0
449.48578 -342.91284 -144.47699 29 7 0.4447777777777778 1.0
467.9448 -352.66156 -157.84851 29 7 0.4447777777777778 1.0
486.47974 -362.24435 -171.27191 29 7 0.4447777777777778 1.0
505.128 -371.62943 -184.48439 29 7 0.4447777777777778 1.0
524.2037 -380.58554 -197.73026 29 7 0.4447777777777778 1.0
543.2488 -389.4465 -211.29053 29 7 0.4447777777777778 1.0
562.14294 -398.29062 -224.62935 29 7 0.4447777777777778 1.0
581.42096 -406.73364 -237.77321 29 7 0.4447777777777778 1.0
600.8581 -414.935 -251.37384 29 7 0.4447777777777778 1.0
620.2213 -423.05182 -264.6444 29 7 0.4447777777777778 1.0
639.72174 -430.9341 -278.19373 29 7 0.4447777777777778 1.0
659.4456 -438.52228 -291.57773 29 7 0.4447777777777778 1.0
679.34937 -445.8449 -305.0677 29 7 0.4447777777777778 1.0
699.214 -453.04272 -318.31744 29 7 0.4447777777777778 1.0
-142.67903 -45.841747 -21.868027 30 5 0.22255555555555562 0.8885555555555555
-181.55727 -59.18088 -78.98423 30 5 0.22255555555555562 0.8885555555555555
-200.99733 -66.02682 -107.86278 30 5 0.22255555555555562 0.8885555555555555
-220.5819 -72.941696 -136.30911 30 5 0.22255555555555562 0.8885555555555555
-239.73506 -80.115845 -165.00227 30 5 0.22255555555555562 0.8885555555555555
-258.8971 -87.40386 -193.5553 30 5 0.22255555555555562 0.8885555555555555
-278.36966 -94.70217 -222.04442 30 5 0.22255555555555562 0.8885555555555555
-297.51373 -102.22651 -250.76762 30 5 0.22255555555555562 0.8885555555555555
-316.68668 -109.8552 -279.2174 30 5 0.22255555555555562 0.8885555555555555
-335.89734 -117.583954 -307.98514 30 5 0.22255555555555562 0.8885555555555555
-354.68228 -125.57541 -336.8008 30 5 0.22255555555555562 0.8885555555555555
-373.85428 -133.54262 -365.3743 30 5 0.22255555555555562 0.8885555555555555
-392.77356 -141.71146 -393.94122 30 5 0.22255555555555562 0.8885555555555555
-411.72467 -149.9799 -422.5565 30 5 0.22255555555555562 0.8885555555555555
-430.4544 -158.4398 -451.3098 30 5 0.22255555555555562 0.8885555555555555
-449.36438 -166.9433 -480.0727 30 5 0.22255555555555562 0.8885555555555555
-468.18652 -175.58801 -508.63324 30 5 0.22255555555555562 0.8885555555555555
-486.73752 -184.44333 -537.353 30 5 0.22255555555555562 0.8885555555555555
-505.39743 -193.36574 -566.01495 30 5 0.22255555555555562 0.8885555555555555
-523.89154 -202.45914 -594.80743 30 5 0.22255555555555562 0.8885555555555555
-542.31616 -211.68669 -623.50183 30 5 0.22255555555555562 0.8885555555555555
-560.9881 -220.92336 -652.16876 30 5 0.22255555555555562 0.8885555555555555
-579.4164 -230.36044 -680.86554 30 5 0.22255555555555562 0.8885555555555555
-597.6865 -239.96523 -709.8958 30 5 0.22255555555555562 0.8885555555555555
-615.9406 -249.68082 -738.3952 30 5 0.22255555555555562 0.8885555555555555
-634.2024 -259.49655 -767.3252 30 5 0.22255555555555562 0.8885555555555555
-652.2874 -269.48734 -795.9601 30 5 0.22255555555555562 0.8885555555555555
-670.41144 -279.56403 -824.8248 30 5 0.22255555555555562 0.8885555555555555
-688.62305 -289.70462 -853.6075 30 5 0.22255555555555562 0.8885555555555555
-724.5402 -310.4979 -911.2263 30 5 0.22255555555555562 0.8885555555555555
-742.41156 -321.08038 -940.0792 30 5 0.22255555555555562 0.8885555555555555
-759.99274 -331.88727 -969.204 30 5 0.22255555555555562 0.8885555555555555
-777.8699 -342.66254 -997.6328 30 5 0.22255555555555562 0.8885555555555555
126.89677 40.89345 178.93405 31 5 0.22255555555555562 0.8885555555555555
146.37881 47.125305 179.47287 31 5 0.22255555555555562 0.8885555555555555
166.05882 53.20713 180.1618 31 5 0.22255555555555562 0.8885555555555555
185.84822 59.167625 181.00041 31 5 0.22255555555555562 0.8885555555555555
205.57408 65.061745 181.49997 31 5 0.22255555555555562 0.8885555555555555
225.33131 70.85887 182.12425 31 5 0.22255555555555562 0.8885555555555555
245.2051 76.53218 182.56921 31 5 0.22255555555555562 0.8885555555555555
265.03616 82.13139 183.20761 31 5 0.22255555555555562 0.8885555555555555
284.55463 87.73888 183.60649 31 5 0.22255555555555562 0.8885555555555555
304.62268 93.08864 184.43913 31 5 0.22255555555555562 0.8885555555555555
324.63403 98.367874 185.10855 31 5 0.22255555555555562 0.8885555555555555
344.6182 103.5669 185.3039 31 5 0.22255555555555562 0.8885555555555555
364.43924 108.72562 186.04164 31 5 0.22255555555555562 0.8885555555555555
384.6481 113.67943 186.79881 31 5 0.22255555555555562 0.8885555555555555
404.56665 118.62971 187.31276 31 5 0.22255555555555562 0.8885555555555555
424.54587 123.47177 188.0295 31 5 0.22255555555555562 0.8885555555555555
444.61276 128.19786 188.61827 31 5 0.22255555555555562 0.8885555555555555
464.78394 132.80348 189.06177 31 5 0.22255555555555562 0.8885555555555555
484.9034 137.33318 189.92809 31 5 0.22255555555555562 0.8885555555555555
504.9246 141.79921 190.58812 31 5 0.22255555555555562 0.8885555555555555
545.36194 150.34554 191.6046 31 5 0.22255555555555562 0.8885555555555555
565.5152 154.4988 192.12357 31 5 0.22255555555555562 0.8885555555555555
585.68066 158.55605 192.95697 31 5 0.22255555555555562 0.8885555555555555
606.22174 162.41956 193.52481 31 5 0.22255555555555562 0.8885555555555555
626.36774 166.29643 194.19576 31 5 0.22255555555555562 0.8885555555555555
646.6147 170.05281 194.8377 31 5 0.22255555555555562 0.8885555555555555
667.0798 173.65857 195.19063 31 5 0.22255555555555562 0.8885555555555555
687.439 177.19852 195.82077 31 5 0.22255555555555562 0.8885555555555555
748.48755 187.26003 197.67664 31 5 0.22255555555555562 0.8885555555555555
769.0007 190.38344 198.20158 31 5 0.22255555555555562 0.8885555555555555
789.5194 193.41074 199.00113 31 5 0.22255555555555562 0.8885555555555555
809.8608 196.38596 199.71751 31 5 0.22255555555555562 0.8885555555555555
61.7754 122.422775 7.3234634 32 2 0.0 0.5552222222222222
68.87808 141.77472 -15.620481 32 2 0.0 0.5552222222222222
75.86335 161.16618 -38.36396 32 2 0.0 0.5552222222222222
82.779976 180.48856 -61.33852 32 2 0.0 0.5552222222222222
89.55641 199.89209 -84.27468 32 2 0.0 0.5552222222222222
96.09405 219.6041 -107.297585 32 2 0.0 0.5552222222222222
102.62096 239.10828 -129.8173 32 2 0.0 0.5552222222222222
109.020355 258.6654 -153.12206 32 2 0.0 0.5552222222222222
115.30586 278.24222 -176.02367 32 2 0.0 0.5552222222222222
121.37082 298.09836 -198.81082 32 2 0.0 0.5552222222222222
127.43678 317.6916 -221.42514 32 2 0.0 0.5552222222222222
133.2803 337.57208 -244.5796 32 2 0.0 0.5552222222222222
139.02815 357.42413 -267.43414 32 2 0.0 0.5552222222222222
144.70961 377.16714 -290.28687 32 2 0.0 0.5552222222222222
150.225 397.05682 -313.26227 32 2 0.0 0.5552222222222222
155.69852 416.764 -336.21475 32 2 0.0 0.5552222222222222
166.06049 456.8538 -381.96686 32 2 0.0 0.5552222222222222
171.06041 476.93842 -404.86536 32 2 0.0 0.5552222222222222
175.93494 497.0605 -427.8526 32 2 0.0 0.5552222222222222
180.72523 517.101 -450.8467 32 2 0.0 0.5552222222222222
185.38525 537.1875 -474.10333 32 2 0.0 0.5552222222222222
189.87349 557.441 -496.64276 32 2 0.0 0.5552222222222222
194.2808 577.5951 -519.76917 32 2 0.0 0.5552222222222222
198.55379 597.8043 -542.67676 32 2 0.0 0.5552222222222222
202.706 618.02673 -565.8002 32 2 0.0 0.5552222222222222
206.66307 638.49 -588.71387 32 2 0.0 0.5552222222222222
210.64247 658.5205 -611.81226 32 2 0.0 0.5552222222222222
214.3405 679.0612 -634.63043 32 2 0.0 0.5552222222222222
217.96944 699.4481 -657.7393 32 2 0.0 0.5552222222222222
221.43706 719.9724 -680.89404 32 2 0.0 0.5552222222222222
224.80347 740.43896 -703.7088 32 2 0.0 0.5552222222222222
228.06258 760.8633 -726.76227 32 2 0.0 0.5552222222222222
231.16583 781.40515 -749.91473 32 2 0.0 0.5552222222222222
234.12952 802.0111 -772.8075 32 2 0.0 0.5552222222222222
22.042305 -132.36467 139.95683 33 7 0.4447777777777778 1.0
27.45104 -152.18887 127.72959 33 7 0.4447777777777778 1.0
33.14141 -172.22612 115.91189 33 7 0.4447777777777778 1.0
39.208313 -191.95259 103.75037 33 7 0.4447777777777778 1.0
45.599888 -211.63857 91.76135 33 7 0.4447777777777778 1.0
52.38772 -230.95343 79.64827 33 7 0.4447777777777778 1.0
59.407566 -250.62016 67.69689 33 7 0.4447777777777778 1.0
66.84523 -269.82346 55.669533 33 7 0.4447777777777778 1.0
74.548416 -289.1906 43.45603 33 7 0.4447777777777778 1.0
82.6063 -308.3509 31.21176 33 7 0.4447777777777778 1.0
91.04116 -327.22772 19.283821 33 7 0.4447777777777778 1.0
99.72612 -346.2722 6.935279 33 7 0.4447777777777778 1.0
108.7673 -365.0924 -4.9960003 33 7 0.4447777777777778 1.0
118.16922 -383.6766 -17.22608 33 7 0.4447777777777778 1.0
127.90502 -402.11252 -29.305948 33 7 0.4447777777777778 1.0
137.99515 -420.3323 -41.62561 33 7 0.4447777777777778 1.0
148.33786 -438.63715 -53.8523 33 7 0.4447777777777778 1.0
159.06769 -456.61414 -66.00653 33 7 0.4447777777777778 1.0
170.03188 -474.69806 -78.21306 33 7 0.4447777777777778 1.0
181.32344 -492.60837 -90.407265 33 7 0.4447777777777778 1.0
193.05116 -510.05212 -102.81984 33 7 0.4447777777777778 1.0
205.05121 -527.468 -115.339714 33 7 0.4447777777777778 1.0
217.37958 -544.6982 -127.646614 33 7 0.4447777777777778 1.0
230.0345 -561.7412 -139.93874 33 7 0.4447777777777778 1.0
256.23563 -595.44696 -164.89429 33 7 0.4447777777777778 1.0
269.9325 -611.7463 -177.48792 33 7 0.4447777777777778 1.0
283.77588 -628.23975 -189.83508 33 7 0.4447777777777778 1.0
298.12054 -644.1263 -202.25015 33 7 0.4447777777777778 1.0
312.63165 -660.1338 -214.79257 33 7 0.4447777777777778 1.0
327.52985 -675.7776 -227.56157 33 7 0.4447777777777778 1.0
342.69928 -691.2941 -240.2366 33 7 0.4447777777777778 1.0
358.28424 -706.3857 -252.82556 33 7 0.4447777777777778 1.0
374.11002 -721.39526 -265.41327 33 7 0.4447777777777778 1.0
390.28934 -736.093 -278.40698 33 7 0.4447777777777778 1.0
-127.98622 12.767409 1.6419172 34 9 0.667 1.0
-148.60364 14.028942 -6.0326467 34 9 0.667 1.0
-169.02414 15.086053 -13.633912 34 9 0.667 1.0
-189.86847 15.882863 -21.519176 34 9 0.667 1.0
-210.55223 16.471388 -29.28286 34 9 0.667 1.0
-230.92723 16.859236 -36.939907 34 9 0.667 1.0
-251.62633 16.998045 -44.76797 34 9 0.667 1.0
-272.1718 16.92224 -52.43417 34 9 0.667 1.0
-292.71356 16.620317 -60.176674 34 9 0.667 1.0
-313.57935 16.07495 -67.83468 34 9 0.667 1.0
-334.0328 15.324758 -75.648605 34 9 0.667 1.0
-354.7598 14.334925 -83.42437 34 9 0.667 1.0
-375.277 13.126469 -91.31146 34 9 0.667 1.0
-396.20923 11.677231 -98.83772 34 9 0.667 1.0
-416.72784 10.013657 -106.72447 34 9 0.667 1.0
-437.38525 8.118493 -114.30707 34 9 0.667 1.0
-458.09595 5.9949546 -122.284355 34 9 0.667 1.0
-478.61343 3.645652 -130.01657 34 9 0.667 1.0
-499.16263 1.0668302 -138.0075 34 9 0.667 1.0
-519.78723 -1.7409052 -145.63248 34 9 0.667 1.0
-540.7336 -4.7741547 -153.35472 34 9 0.667 1.0
-560.8821 -8.04364 -161.29199 34 9 0.667 1.0
-602.02026 -15.261716 -176.89165 34 9 0.667 1.0
-622.7294 -19.209452 -184.71384 34 9 0.667 1.0
-642.9912 -23.400352 -192.33295 34 9 0.667 1.0
-663.5123 -27.811989 -200.38542 34 9 0.667 1.0
-683.8972 -32.45855 -208.01741 34 9 0.667 1.0
-704.22504 -37.337784 -216.11475 34 9 0.667 1.0
-724.7793 -42.43368 -223.62459 34 9 0.667 1.0
-744.9136 -47.783516 -231.80319 34 9 0.667 1.0
-765.1481 -53.357582 -239.62822 34 9 0.667 1.0
-785.39484 -59.160343 -247.48459 34 9 0.667 1.0
-805.79675 -65.17948 -255.48642 34 9 0.667 1.0
-825.82104 -71.45789 -263.191 34 9 0.667 1.0
19.052238 -128.54222 -234.961 35 0 0.0 0.33299999999999996
21.555782 -148.9414 -273.65573 35 0 0.0 0.33299999999999996
23.900936 -169.38342 -312.07816 35 0 0.0 0.33299999999999996
26.088058 -189.86542 -350.7821 35 0 0.0 0.33299999999999996
28.077927 -210.68051 -389.5706 35 0 0.0 0.33299999999999996
29.99133 -230.92389 -428.13907 35 0 0.0 0.33299999999999996
33.287247 -271.93338 -505.73175 35 0 0.0 0.33299999999999996
34.687405 -292.57626 -544.39655 35 0 0.0 0.33299999999999996
35.93413 -313.2158 -583.02185 35 0 0.0 0.33299999999999996
37.039062 -333.743 -622.01465 35 0 0.0 0.33299999999999996
37.984364 -354.3085 -660.6475 35 0 0.0 0.33299999999999996
38.735935 -375.24265 -699.4464 35 0 0.0 0.33299999999999996
39.387653 -395.64093 -737.92786 35 0 0.0 0.33299999999999996
39.860565 -416.26013 -776.66846 35 0 0.0 0.33299999999999996
40.16772 -436.98193 -815.4879 35 0 0.0 0.33299999999999996
40.3253 -457.63223 -854.43036 35 0 0.0 0.33299999999999996
40.331326 -478.2207 -893.48505 35 0 0.0 0.33299999999999996
40.174686 -498.8728 -931.8492 35 0 0.0 0.33299999999999996
39.83581 -519.8491 -970.70483 35 0 0.0 0.33299999999999996
39.392548 -540.1286 -1009.54974 35 0 0.0 0.33299999999999996
38.747177 -561.0066 -1048.5764 35 0 0.0 0.33299999999999996
37.964245 -581.5947 -1087.3097 35 0 0.0 0.33299999999999996
37.01713 -602.2684 -1126.3547 35 0 0.0 0.33299999999999996
35.910103 -622.96625 -1165.3289 35 0 0.0 0.33299999999999996
34.633194 -643.8747 -1204.239 35 0 0.0 0.33299999999999996
33.221794 -664.3297 -1242.9847 35 0 0.0 0.33299999999999996
31.633415 -685.1348 -1282.1106 35 0 0.0 0.33299999999999996
29.885038 -705.97955 -1321.0358 35 0 0.0 0.33299999999999996
27.99185 -726.47687 -1359.9259 35 0 0.0 0.33299999999999996
25.925259 -747.33167 -1399.1116 35 0 0.0 0.33299999999999996
23.709166 -767.89777 -1437.9895 35 0 0.0 0.33299999999999996
21.329994 -788.5501 -1477.2476 35 0 0.0 0.33299999999999996
18.792274 -809.1309 -1516.4861 35 0 0.0 0.33299999999999996
16.090656 -829.86884 -1555.4753 35 0 0.0 0.33299999999999996
112.78758 -132.58429 147.65584 36 7 0.4447777777777778 1.0
126.37491 -148.10712 139.06758 36 7 0.4447777777777778 1.0
140.29257 -163.26521 130.5859 36 7 0.4447777777777778 1.0
154.09006 -178.58453 122.10932 36 7 0.4447777777777778 1.0
168.2298 -193.52827 113.66966 36 7 0.4447777777777778 1.0
182.13205 -208.76476 105.145805 36 7 0.4447777777777778 1.0
196.37941 -223.62396 96.846176 36 7 0.4447777777777778 1.0
210.38446 -238.77579 88.19638 36 7 0.4447777777777778 1.0
239.26114 -268.1457 71.47297 36 7 0.4447777777777778 1.0
253.7829 -282.76038 62.900944 36 7 0.4447777777777778 1.0
282.71744 -312.14893 45.98579 36 7 0.4447777777777778 1.0
297.4048 -326.61636 37.275894 36 7 0.4447777777777778 1.0
312.10995 -341.07425 29.229652 36 7 0.4447777777777778 1.0
326.9157 -355.4311 20.474464 36 7 0.4447777777777778 1.0
341.84207 -369.6652 12.109568 36 7 0.4447777777777778 1.0
356.7569 -383.9188 3.6136293 36 7 0.4447777777777778 1.0
371.91714 -397.915 -4.9892254 36 7 0.4447777777777778 1.0
386.93634 -412.0676 -13.278669 36 7 0.4447777777777778 1.0
402.0219 -426.1527 -21.698103 36 7 0.4447777777777778 1.0
417.35577 -439.978 -30.253803 36 7 0.4447777777777778 1.0
432.69293 -453.80255 -38.725872 36 7 0.4447777777777778 1.0
448.11234 -467.54242 -47.134476 36 7 0.4447777777777778 1.0
463.5254 -481.28915 -55.84661 36 7 0.4447777777777778 1.0
479.1314 -494.83505 -64.1685 36 7 0.4447777777777778 1.0
494.83847 -508.276 -72.86445 36 7 0.4447777777777778 1.0
510.47787 -521.7843 -81.21133 36 7 0.4447777777777778 1.0
526.21423 -535.18976 -89.71027 36 7 0.4447777777777778 1.0
542.0754 -548.4642 -98.26833 36 7 0.4447777777777778 1.0
557.88916 -561.78107 -106.63166 36 7 0.4447777777777778 1.0
573.82227 -574.9711 -115.26895 36 7 0.4447777777777778 1.0
589.7983 -588.11066 -123.668816 36 7 0.4447777777777778 1.0
65.00273 -132.71689 34.727764 37 3 0.00033333333333335213 0.6663333333333332
73.50769 -151.50978 28.358637 37 3 0.00033333333333335213 0.6663333333333332
82.15989 -170.17938 22.055056 37 3 0.00033333333333335213 0.6663333333333332
90.89754 -188.85213 15.639463 37 3 0.00033333333333335213 0.6663333333333332
99.88438 -207.18694 9.341622 37 3 0.00033333333333335213 0.6663333333333332
108.80723 -225.83395 3.0249107 37 3 0.00033333333333335213 0.6663333333333332
117.888214 -244.33058 -3.2068775 37 3 0.00033333333333335213 0.6663333333333332
126.96785 -263.00635 -9.786321 37 3 0.00033333333333335213 0.6663333333333332
136.26497 -281.40668 -16.10719 37 3 0.00033333333333335213 0.6663333333333332
145.7458 -299.60202 -22.560324 37 3 0.00033333333333335213 0.6663333333333332
155.26329 -317.89444 -28.874222 37 3 0.00033333333333335213 0.6663333333333332
164.86368 -336.18692 -35.3692 37 3 0.00033333333333335213 0.6663333333333332
174.6402 -354.2886 -41.56101 37 3 0.00033333333333335213 0.6663333333333332
184.47604 -372.43634 -47.74163 37 3 0.00033333333333335213 0.6663333333333332
194.45679 -390.45584 -54.368797 37 3 0.00033333333333335213 0.6663333333333332
204.49353 -408.52493 -60.64703 37 3 0.00033333333333335213 0.6663333333333332
214.74211 -426.33145 -66.92725 37 3 0.00033333333333335213 0.6663333333333332
224.9372 -444.40195 -73.418526 37 3 0.00033333333333335213 0.6663333333333332
235.30898 -462.27798 -79.72036 37 3 0.00033333333333335213 0.6663333333333332
245.89697 -479.88394 -86.12709 37 3 0.00033333333333335213 0.6663333333333332
256.51965 -497.57483 -92.40067 37 3 0.00033333333333335213 0.6663333333333332
267.22607 -515.2527 -98.85487 37 3 0.00033333333333335213 0.6663333333333332
277.9452 -533.0518 -105.09277 37 3 0.00033333333333335213 0.6663333333333332
288.8835 -550.5747 -111.46018 37 3 0.00033333333333335213 0.6663333333333332
299.98883 -567.92316 -118.08811 37 3 0.00033333333333335213 0.6663333333333332
311.21548 -585.18445 -124.303986 37 3 0.00033333333333335213 0.6663333333333332
322.3005 -602.8497 -130.65253 37 3 0.00033333333333335213 0.6663333333333332
333.7533 -619.9629 -137.24582 37 3 0.00033333333333335213 0.6663333333333332
345.20865 -637.2066 -143.59167 37 3 0.00033333333333335213 0.6663333333333332
356.76276 -654.3998 -149.77124 37 3 0.00033333333333335213 0.6663333333333332
368.58978 -671.224 -156.19101 37 3 0.00033333333333335213 0.6663333333333332
380.2464 -688.4869 -162.61426 37 3 0.00033333333333335213 0.6663333333333332
392.09195 -705.53143 -168.97748 37 3 0.00033333333333335213 0.6663333333333332
404.1739 -722.27484 -175.32309 37 3 0.00033333333333335213 0.6663333333333332
416.24954 -739.1518 -181.66211 37 3 0.00033333333333335213 0.6663333333333332
