x y z track_id event_id
100.90093 83.49109 -142.06323 0 0
116.111404 97.386215 -146.57603 0 0
131.31285 111.268036 -150.94878 0 0
146.69257 124.97803 -155.6711 0 0
162.12466 138.62183 -160.2962 0 0
177.5133 152.281 -164.82837 0 0
193.3021 165.57469 -169.47395 0 0
209.00327 178.91988 -174.0167 0 0
224.80186 192.15718 -178.6115 0 0
240.6084 205.36218 -183.09615 0 0
256.5695 218.40869 -187.72894 0 0
272.65253 231.32394 -192.32523 0 0
288.84348 244.11926 -196.70721 0 0
305.03183 256.88712 -201.1227 0 0
321.34842 269.51602 -205.90224 0 0
337.69138 282.0906 -210.3917 0 0
354.285 294.4229 -215.00288 0 0
370.67996 306.8858 -219.5898 0 0
387.37747 319.06235 -224.31483 0 0
404.23486 331.07123 -228.59856 0 0
420.92627 343.1782 -233.47984 0 0
437.82648 355.07535 -237.94556 0 0
454.94083 366.75916 -242.51184 0 0
471.92957 378.50302 -247.08708 0 0
489.17273 390.00024 -251.43726 0 0
506.48172 401.4019 -256.28763 0 0
523.71674 412.8171 -260.73422 0 0
540.9074 424.21976 -265.55243 0 0
558.51056 435.2513 -270.06235 0 0
575.8871 446.41064 -274.57242 0 0
593.65155 457.2193 -279.11282 0 0
611.42773 467.96884 -283.7703 0 0
629.094 478.75006 -288.5315 0 0
646.9139 489.36014 -293.15173 0 0
665.17487 499.58328 -297.6744 0 0
-133.80003 11.372892 -272.45694 1 0
-153.31845 18.189072 -296.56546 1 0
-172.92058 25.817234 -320.89944 1 0
-191.98021 34.334106 -345.4211 1 0
-210.69409 43.71594 -370.01797 1 0
-229.52911 53.84908 -394.52954 1 0
-247.83069 64.85916 -419.57367 1 0
-265.4457 76.79487 -444.41873 1 0
-282.929 89.49369 -469.64664 1 0
-299.99597 103.01711 -494.81967 1 0
-316.35413 117.4565 -520.4636 1 0
-332.36975 132.6682 -546.1244 1 0
-347.32452 148.92685 -571.95416 1 0
-361.92786 165.93214 -598.0985 1 0
-376.49155 183.48882 -624.6368 1 0
-389.88525 202.10332 -651.1487 1 0
-402.5852 221.53166 -678.39825 1 0
-414.3955 241.85425 -705.6979 1 0
-425.52753 262.91772 -733.51337 1 0
-435.6179 284.90515 -761.6498 1 0
-444.95 307.5941 -790.397 1 0
-453.21704 331.1373 -819.438 1 0
-460.28125 355.59033 -848.9382 1 0
-466.1664 380.88367 -879.14264 1 0
-470.8987 406.92175 -910.14813 1 0
-474.43893 433.63803 -941.80554 1 0
-476.23236 461.44016 -973.9051 1 0
-476.76315 489.75552 -1007.21625 1 0
-475.28745 519.1876 -1041.3085 1 0
-472.0406 549.33704 -1076.5728 1 0
-466.9355 580.0606 -1113.1387 1 0
-459.3878 611.79095 -1150.8792 1 0
-449.50543 644.0362 -1190.4507 1 0
-436.64526 677.2092 -1232.0612 1 0
-420.35245 711.40247 -1275.6995 1 0
-135.54916 -7.9596243 -85.91887 2 0
-156.22751 -7.976753 -81.824036 2 0
-176.98831 -8.161841 -78.27208 2 0
-197.62263 -8.524023 -74.460396 2 0
-218.10196 -9.0631695 -70.44657 2 0
-238.97968 -9.756283 -66.54305 2 0
-259.32864 -10.641567 -62.822483 2 0
-279.9262 -11.687216 -59.019882 2 0
-300.4508 -12.906533 -55.095123 2 0
-321.132 -14.289633 -51.4346 2 0
-341.75583 -15.845595 -47.407104 2 0
-362.23596 -17.578867 -43.77507 2 0
-382.66827 -19.48551 -39.92014 2 0
-403.38803 -21.547966 -35.88822 2 0
-423.76288 -23.79938 -32.089104 2 0
-444.4141 -26.205889 -28.165018 2 0
-464.8697 -28.794212 -24.480614 2 0
-485.36456 -31.550722 -20.521257 2 0
-505.68124 -34.489735 -16.789907 2 0
-526.48444 -37.56537 -12.803308 2 0
-546.7537 -40.848866 -8.844071 2 0
-567.28906 -44.282917 -5.156792 2 0
-587.5417 -47.90933 -1.2174392 2 0
-608.0629 -51.683945 2.666305 2 0
-628.53455 -55.631866 6.198584 2 0
-648.76794 -59.770702 10.439411 2 0
-668.907 -64.088974 14.297371 2 0
-689.36005 -68.54682 17.946001 2 0
-709.6271 -73.19202 21.86711 2 0
-729.89154 -78.006676 25.673056 2 0
-750.0285 -83.00429 29.76822 2 0
-770.44434 -88.13941 33.710674 2 0
-790.4824 -93.4861 37.4681 2 0
-810.61084 -98.99111 41.380558 2 0
-830.77386 -104.65999 45.251266 2 0
-112.69219 -88.59024 -18.03226 3 0
-130.49579 -98.959595 -3.8795207 3 0
-148.39856 -109.09043 10.251145 3 0
-166.92784 -118.597115 24.142035 3 0
-184.90636 -128.31749 38.055363 3 0
-203.72572 -137.26686 52.218212 3 0
-222.38213 -146.13593 66.409386 3 0
-240.96594 -154.84505 80.55015 3 0
-260.2021 -162.92497 94.38523 3 0
-279.59314 -170.69714 108.444046 3 0
-298.84772 -178.33018 122.6246 3 0
-318.41077 -185.54768 136.79167 3 0
-337.8681 -192.58727 151.00343 3 0
-357.76794 -199.12917 165.22961 3 0
-377.6821 -205.4131 179.45615 3 0
-397.74756 -211.35683 193.55557 3 0
-417.8056 -217.03864 207.74294 3 0
-438.10568 -222.32227 221.90852 3 0
-458.5859 -227.23782 236.33536 3 0
-479.1949 -231.80743 250.56581 3 0
-499.78012 -236.09866 265.04288 3 0
-520.7257 -239.92505 279.34033 3 0
-541.5858 -243.49068 293.9316 3 0
-562.4817 -246.73122 308.1043 3 0
-583.5854 -249.56609 322.53214 3 0
-604.9796 -251.95967 336.9961 3 0
-626.001 -254.18279 351.41306 3 0
-647.69293 -255.8033 366.2286 3 0
-668.8811 -257.28674 380.8427 3 0
-690.44867 -258.27933 395.2012 3 0
-712.0016 -258.929 410.05698 3 0
-733.7542 -259.1524 424.8614 3 0
-755.3922 -259.0565 439.757 3 0
-777.2205 -258.52936 454.3941 3 0
-799.16815 -257.59296 469.39163 3 0
-1.9847414 144.90216 19.656141 4 1
-2.1061716 165.46976 14.303479 4 1
-2.339286 186.12848 9.132136 4 1
-2.6868591 206.66046 3.8916588 4 1
-3.145519 227.32706 -1.3945283 4 1
-3.720225 247.77126 -6.4872975 4 1
-4.4072833 268.27216 -11.684545 4 1
-5.201308 289.11877 -16.90478 4 1
-6.1141744 309.6198 -22.223433 4 1
-7.140005 330.13177 -27.539032 4 1
-8.278166 350.67953 -32.759335 4 1
-9.525379 371.3822 -37.94546 4 1
-10.887979 391.97568 -42.971764 4 1
-12.364373 412.5353 -48.263367 4 1
-13.9581375 432.95618 -53.508965 4 1
-15.659577 453.54572 -58.739758 4 1
-17.469454 474.25067 -64.093925 4 1
-19.397478 494.80118 -69.350235 4 1
-21.446472 515.1546 -74.35918 4 1
-23.603065 535.6458 -79.7975 4 1
-25.863401 556.33484 -85.02824 4 1
-28.2491 576.749 -90.22636 4 1
-30.747324 597.1761 -95.23274 4 1
-33.348743 617.7858 -100.50843 4 1
-36.07881 638.10175 -105.842316 4 1
-38.902275 658.7574 -111.12705 4 1
-41.856594 679.101 -116.47408 4 1
-44.91036 699.6577 -121.596016 4 1
-48.085762 720.06903 -126.74379 4 1
-51.37973 740.394 -131.9679 4 1
-54.759754 761.0919 -137.25374 4 1
-58.295593 781.1871 -142.46562 4 1
-61.91674 801.65204 -148.1744 4 1
-65.64448 822.18225 -152.94083 4 1
-69.50574 842.44336 -158.3421 4 1
141.21269 -5.5439324 -59.53442 5 1
161.6912 -2.2036 -75.99971 5 1
182.52069 2.162083 -92.64679 5 1
202.9682 7.5533104 -109.5876 5 1
223.03627 13.994967 -126.340836 5 1
243.19043 21.467035 -143.39388 5 1
263.01904 29.997738 -160.41098 5 1
282.47223 39.602818 -177.83406 5 1
301.69116 50.267067 -195.291 5 1
320.55777 62.00562 -212.63193 5 1
339.15164 74.797325 -230.63278 5 1
356.83102 88.785805 -248.6373 5 1
374.2533 103.82076 -266.6525 5 1
390.86044 120.04256 -285.24893 5 1
406.94696 137.3624 -303.93616 5 1
422.22208 155.86284 -322.7976 5 1
437.00903 175.40668 -342.2014 5 1
450.42035 196.32928 -361.92166 5 1
463.2115 218.30115 -382.09668 5 1
474.52664 241.68842 -402.6429 5 1
484.96536 266.17023 -423.89188 5 1
494.09778 291.91458 -445.47473 5 1
501.59735 319.06598 -467.66464 5 1
507.68423 347.4193 -490.69897 5 1
511.82852 377.23032 -514.5762 5 1
513.8004 408.5654 -539.407 5 1
513.585 441.27722 -565.3977 5 1
510.75146 475.48383 -592.7361 5 1
504.78632 511.32346 -621.6257 5 1
494.86 549.1648 -652.5062 5 1
480.56274 588.7132 -685.73987 5 1
460.2788 630.6062 -722.923 5 1
432.11108 674.97974 -764.476 5 1
391.75778 722.8999 -814.45215 5 1
328.04657 776.90265 -880.3866 5 1
-66.60895 -132.28052 -59.91805 6 1
-76.388336 -150.39774 -76.21672 6 1
-86.384415 -168.43031 -92.90399 6 1
-96.62877 -186.31201 -109.29497 6 1
-106.98028 -204.30882 -125.908485 6 1
-117.80184 -221.7239 -142.28558 6 1
-128.67343 -239.35147 -158.83736 6 1
-139.75728 -256.8765 -175.47151 6 1
-151.1328 -274.14954 -191.8448 6 1
-162.8172 -291.14026 -208.51706 6 1
-174.63855 -308.15375 -224.82161 6 1
-186.68039 -325.03403 -241.59486 6 1
-199.03024 -341.62628 -258.164 6 1
-211.41104 -358.40164 -274.8416 6 1
-224.26207 -374.60855 -291.35822 6 1
-237.24182 -390.82285 -308.09338 6 1
-250.3339 -407.06076 -324.5111 6 1
-263.75943 -422.95627 -341.2124 6 1
-277.416 -438.67493 -357.84338 6 1
-291.20895 -454.36105 -374.4634 6 1
-305.2405 -469.84808 -391.13574 6 1
-319.40683 -485.29102 -407.97995 6 1
-334.0259 -500.20447 -424.7836 6 1
-348.6614 -515.2437 -441.2249 6 1
-363.5478 -530.0509 -458.2139 6 1
-378.65356 -544.66956 -475.0607 6 1
-394.06976 -558.967 -491.61313 6 1
-409.45712 -573.4196 -508.6805 6 1
-425.34515 -587.2786 -525.50684 6 1
-441.23773 -601.2323 -542.489 6 1
-457.3132 -615.02545 -559.541 6 1
-473.71036 -628.46875 -576.32935 6 1
-490.31757 -641.7103 -593.01025 6 1
-507.14584 -654.7321 -610.3188 6 1
-524.089 -667.66614 -627.2178 6 1
65.55376 126.97608 -50.238754 7 1
74.889755 145.36314 -65.69542 7 1
84.088715 163.83084 -80.56493 7 1
93.24935 182.18497 -95.741745 7 1
102.15058 200.85603 -111.051186 7 1
110.9343 219.56609 -126.02815 7 1
119.665405 238.18414 -141.24167 7 1
128.23665 256.9205 -156.2292 7 1
136.64824 275.77426 -171.47893 7 1
144.93512 294.6741 -186.78374 7 1
153.18573 313.43704 -201.73598 7 1
161.1464 332.58032 -217.0554 7 1
169.06581 351.5927 -232.23389 7 1
176.85893 370.64633 -247.10318 7 1
184.46167 389.87457 -262.39478 7 1
191.97789 409.0574 -277.69904 7 1
199.295 428.43262 -292.47647 7 1
206.45871 447.90298 -307.93292 7 1
213.6088 467.1621 -323.10928 7 1
220.52902 486.67844 -338.2246 7 1
227.2378 506.4149 -353.2388 7 1
234.00766 525.7617 -368.40768 7 1
240.54234 545.3771 -383.69647 7 1
246.86038 565.2228 -399.05518 7 1
253.08147 585.0256 -414.04956 7 1
259.1522 604.90564 -429.4592 7 1
265.17917 624.611 -444.66382 7 1
270.99936 644.52106 -459.8889 7 1
276.70224 664.42365 -475.0197 7 1
282.20547 684.51514 -490.2511 7 1
287.6495 704.4539 -505.56888 7 1
292.9341 724.48004 -520.80035 7 1
297.9771 744.79846 -536.1968 7 1
302.99213 764.8754 -551.22 7 1
307.864 784.9941 -566.7078 7 1
98.82289 -72.609695 -23.221794 8 2
115.788445 -84.246475 -23.230137 8 2
133.01111 -95.575775 -23.308344 8 2
150.56393 -106.54417 -23.36705 8 2
167.92915 -117.514275 -23.447273 8 2
185.77156 -128.0136 -23.39947 8 2
203.70871 -138.30719 -23.320663 8 2
221.647 -148.45175 -23.24605 8 2
239.89409 -158.23589 -23.343939 8 2
258.31046 -167.75081 -23.57296 8 2
277.03757 -176.90266 -23.232193 8 2
295.57056 -186.00992 -23.191303 8 2
314.28827 -194.82393 -23.092613 8 2
333.4473 -203.18564 -23.195715 8 2
352.70575 -211.30493 -23.302847 8 2
371.74933 -219.36206 -23.253359 8 2
391.22626 -226.9669 -23.169928 8 2
410.74493 -234.34761 -23.227741 8 2
430.64035 -241.30984 -23.277744 8 2
450.20465 -248.24701 -23.432524 8 2
470.17676 -254.74193 -23.134916 8 2
490.3482 -260.9097 -23.28312 8 2
510.47632 -266.8756 -23.209639 8 2
530.9064 -272.4539 -23.405476 8 2
551.08374 -277.92554 -23.381174 8 2
571.81866 -282.87546 -23.32057 8 2
592.29816 -287.7071 -23.483442 8 2
612.92334 -292.21536 -23.30299 8 2
634.00476 -296.25244 -23.383759 8 2
654.94196 -300.09924 -23.085684 8 2
675.9573 -303.6454 -23.315168 8 2
697.1944 -306.82318 -23.076738 8 2
718.17804 -309.8372 -23.131102 8 2
739.5846 -312.38858 -23.356445 8 2
760.8909 -314.69867 -23.16207 8 2
72.90274 -96.705345 -70.40953 9 3
86.7004 -111.98681 -38.83409 9 3
100.13327 -127.66573 -7.038912 9 3
113.504845 -143.3473 24.778158 9 3
126.59646 -159.30602 56.35854 9 3
139.49677 -175.4251 88.130844 9 3
152.18248 -191.72952 119.85855 9 3
164.74936 -208.094 151.52353 9 3
177.16249 -224.5566 183.67662 9 3
189.09209 -241.5324 215.38808 9 3
200.94632 -258.49835 247.13617 9 3
212.55882 -275.66177 279.0579 9 3
223.90831 -293.04657 311.10843 9 3
235.07024 -310.54993 342.9418 9 3
246.13564 -328.04437 375.10632 9 3
256.79703 -345.9341 406.972 9 3
267.33667 -363.83737 438.97183 9 3
277.6179 -381.93253 471.04318 9 3
287.45874 -400.4692 503.2168 9 3
297.34558 -418.76718 535.08527 9 3
306.86462 -437.3973 567.4231 9 3
316.12625 -456.20178 599.47437 9 3
325.1822 -475.10065 631.70917 9 3
333.96603 -494.1849 663.9275 9 3
342.5659 -513.3187 696.386 9 3
350.95627 -532.5317 728.7684 9 3
359.03992 -551.9652 761.2151 9 3
366.7676 -571.6939 793.7322 9 3
374.28137 -591.49396 826.13464 9 3
381.68146 -611.1964 858.9549 9 3
388.72244 -631.18427 891.3358 9 3
395.51248 -651.2799 924.1229 9 3
401.93933 -671.6639 956.984 9 3
408.22318 -691.96387 989.6564 9 3
414.13153 -712.5642 1022.4693 9 3
-95.727 102.38179 -87.03352 10 3
-106.65161 119.85733 -57.99647 10 3
-117.12634 137.66878 -28.658348 10 3
-127.36355 155.56068 0.44871464 10 3
-136.99403 173.9742 29.700985 10 3
-146.34473 192.5021 58.773155 10 3
-155.4878 211.02351 88.34505 10 3
-164.24144 229.76038 117.67069 10 3
-172.36015 249.05754 146.74329 10 3
-180.22148 268.37466 176.19945 10 3
-187.72409 287.83823 205.53976 10 3
-194.85959 307.44495 235.13083 10 3
-201.62262 327.18716 264.74118 10 3
-207.89006 347.25378 294.4065 10 3
-213.76993 367.45898 324.23337 10 3
-219.25609 387.79703 353.81146 10 3
-224.28685 408.36322 383.76593 10 3
-228.96347 428.95947 413.52148 10 3
-233.16106 449.80072 443.5563 10 3
-237.00206 470.63705 473.59256 10 3
-240.30165 491.81747 503.59003 10 3
-243.14256 513.1703 533.973 10 3
-245.64993 534.41003 564.27423 10 3
-247.64133 555.90576 594.6034 10 3
-249.23195 577.38574 625.1351 10 3
-250.30399 599.10016 656.0138 10 3
-250.9475 620.81964 686.5838 10 3
-251.0745 642.73883 717.49475 10 3
-250.78293 664.5882 748.4404 10 3
-249.97963 686.584 779.5455 10 3
-248.62564 708.82135 810.7439 10 3
-246.83456 730.9589 842.2226 10 3
-244.50803 753.2537 873.76434 10 3
-241.68356 775.5703 905.4956 10 3
-238.35823 797.886 937.31036 10 3
-30.665941 -133.93092 -90.82209 11 3
-29.783773 -154.61653 -62.21414 11 3
-28.139872 -175.28143 -33.53256 11 3
-25.747904 -195.75508 -4.5908933 11 3
-22.537046 -216.52226 24.370527 11 3
-18.538998 -237.44063 53.251373 11 3
-13.812216 -257.5949 82.266754 11 3
-8.259652 -278.40262 111.750534 11 3
-1.9385172 -298.53256 141.0909 11 3
5.1806993 -318.7946 170.76973 11 3
13.107416 -338.55508 200.20256 11 3
21.841068 -358.2426 230.03992 11 3
31.363625 -378.01147 260.09888 11 3
41.71853 -397.2815 290.28067 11 3
52.89204 -416.30762 321.0038 11 3
64.87802 -435.12735 351.527 11 3
77.68353 -453.6671 382.48996 11 3
91.40334 -471.421 413.76627 11 3
105.91525 -489.08377 445.34583 11 3
121.236206 -506.49316 476.9184 11 3
137.53413 -522.95575 509.32324 11 3
154.59755 -539.3178 542.0815 11 3
172.63132 -554.8146 574.8302 11 3
191.46559 -570.0071 608.2877 11 3
211.17616 -584.6087 642.0277 11 3
231.85663 -598.348 676.4333 11 3
253.45328 -611.36487 711.2819 11 3
275.94846 -623.66974 746.5475 11 3
299.36658 -635.16504 782.6397 11 3
323.64258 -645.93665 819.356 11 3
349.10822 -655.28595 856.9266 11 3
375.4879 -663.7259 895.1204 11 3
402.9186 -670.9474 933.8712 11 3
431.25345 -677.12836 974.31995 11 3
460.60458 -681.9925 1015.4346 11 3
62.33862 -106.084915 -232.54715 12 3
75.49631 -121.888115 -226.26512 12 3
88.738174 -137.6317 -220.05243 12 3
102.0613 -153.31654 -213.86943 12 3
115.44602 -168.96886 -207.5563 12 3
129.01956 -184.40256 -201.3607 12 3
142.43513 -200.11263 -195.2623 12 3
156.06004 -215.57234 -188.91554 12 3
169.8351 -230.87047 -182.94832 12 3
183.58261 -246.24838 -176.60626 12 3
197.55135 -261.36984 -170.44102 12 3
211.44429 -276.62936 -164.23132 12 3
225.50847 -291.69943 -158.15628 12 3
239.70905 -306.62762 -151.77228 12 3
253.86894 -321.6396 -145.63968 12 3
268.1586 -336.51605 -139.23042 12 3
282.70813 -351.0964 -133.13187 12 3
297.138 -365.85312 -126.79623 12 3
311.61087 -380.58035 -120.84646 12 3
326.28845 -395.08035 -114.5438 12 3
341.00137 -409.55957 -108.293915 12 3
355.92453 -423.8075 -102.090965 12 3
370.78174 -438.15344 -95.85091 12 3
385.7793 -452.35068 -89.76958 12 3
400.8648 -466.461 -83.51852 12 3
416.0583 -480.4608 -77.33554 12 3
431.25674 -494.4681 -71.013626 12 3
446.46725 -508.4723 -64.93555 12 3
461.95355 -522.17285 -58.608658 12 3
477.30194 -536.03815 -52.319443 12 3
492.9572 -549.5665 -45.976517 12 3
508.52536 -563.1988 -39.784405 12 3
524.2509 -576.6615 -33.718197 12 3
540.01904 -590.0812 -27.436377 12 3
555.7602 -603.5318 -21.157856 12 3
-73.7773 87.8711 -4.310436 13 4
-83.812836 105.91024 -2.278823 13 4
-93.56221 124.122925 -0.30113086 13 4
-103.049416 142.4686 1.7440052 13 4
-112.29001 160.91377 3.9748645 13 4
-121.240486 179.5095 6.0458403 13 4
-129.86142 198.30888 8.20272 13 4
-138.16182 217.29538 10.223496 13 4
-146.30325 236.20366 12.281825 13 4
-154.01895 255.4506 14.568533 13 4
-161.2816 275.09152 16.474663 13 4
-168.4003 294.5979 18.665007 13 4
-175.22911 314.20193 20.88128 13 4
-181.72282 333.976 22.98911 13 4
-187.85857 353.95816 24.90933 13 4
-193.76833 373.89145 27.195215 13 4
-199.31319 394.02914 29.358988 13 4
-204.57127 414.2107 31.361322 13 4
-209.38638 434.74622 33.581013 13 4
-213.89749 455.34903 35.79393 13 4
-218.14354 475.92154 37.811253 13 4
-222.07607 496.5522 39.964485 13 4
-225.61671 517.4076 42.16672 13 4
-228.83873 538.31537 44.204773 13 4
-231.6981 559.36804 46.533802 13 4
-234.32591 580.2346 48.64505 13 4
-236.43646 601.6092 50.89011 13 4
-238.26349 622.90454 52.934486 13 4
-239.7697 644.19604 55.326992 13 4
-240.92796 665.54004 57.40786 13 4
-241.70004 687.0314 59.6399 13 4
-242.13383 708.5244 61.661526 13 4
-242.12303 730.3212 63.939716 13 4
-241.86658 751.81226 66.351814 13 4
-241.14871 773.6415 68.45404 13 4
114.141914 -81.80419 -355.88782 14 5
132.67528 -90.73582 -426.3833 14 5
151.42946 -99.28161 -496.73682 14 5
170.55428 -107.34549 -567.2475 14 5
189.87479 -115.0414 -637.5885 14 5
209.0337 -122.57378 -708.40424 14 5
228.49155 -129.65596 -779.34705 14 5
248.09279 -136.37572 -850.1103 14 5
267.8502 -142.71997 -920.73413 14 5
287.82227 -148.65315 -991.82074 14 5
308.00168 -154.1765 -1062.9033 14 5
328.1636 -159.39658 -1133.7476 14 5
348.233 -164.3363 -1205.3485 14 5
368.85965 -168.68355 -1276.7926 14 5
389.48157 -172.70012 -1348.2416 14 5
410.32907 -176.2762 -1420.0592 14 5
430.89777 -179.62079 -1491.737 14 5
451.9857 -182.39088 -1563.7712 14 5
472.94907 -184.8487 -1635.9034 14 5
494.13562 -186.84859 -1708.3466 14 5
515.2751 -188.48874 -1780.9313 14 5
536.3733 -189.75659 -1853.6367 14 5
557.92596 -190.47276 -1926.0817 14 5
579.2791 -190.86089 -1999.2091 14 5
600.71783 -190.8151 -2072.695 14 5
622.2094 -190.34059 -2146.2104 14 5
644.0196 -189.35335 -2219.9343 14 5
665.571 -188.02014 -2293.9844 14 5
687.173 -186.24083 -2368.1013 14 5
-111.216095 62.455765 149.71916 15 5
-128.41989 73.77017 157.43364 15 5
-145.8759 84.818245 164.83228 15 5
-163.29231 95.76698 172.22542 15 5
-180.92317 106.46643 179.66663 15 5
-198.65646 116.97971 187.3763 15 5
-216.62482 127.2266 194.8103 15 5
-234.66913 137.29854 202.21147 15 5
-252.78271 147.19695 209.71819 15 5
-271.27692 156.73878 217.0599 15 5
-289.3563 166.38211 224.7039 15 5
-307.99997 175.55933 232.05554 15 5
-326.4174 184.72133 239.67067 15 5
-345.28088 193.48395 247.24493 15 5
-364.18753 202.07372 254.7228 15 5
-383.0993 210.50815 261.98416 15 5
-402.1064 218.73413 269.6859 15 5
-421.28082 226.71037 277.1719 15 5
-440.73062 234.37814 284.62003 15 5
-459.98682 241.98494 292.1908 15 5
-479.48563 249.29622 299.87466 15 5
-499.2955 256.27716 307.18707 15 5
-518.9118 263.1855 315.1049 15 5
-538.5009 269.93 322.38605 15 5
-558.6453 276.2179 330.0026 15 5
-578.4124 282.51108 337.5204 15 5
-598.6753 288.3775 345.154 15 5
-618.7411 294.15207 352.80682 15 5
-638.9383 299.67294 360.26492 15 5
-659.4718 304.84384 367.97467 15 5
-680.0416 309.8042 375.7807 15 5
-700.44836 314.64026 383.1489 15 5
-721.1506 319.14203 390.9302 15 5
-741.76996 323.47632 398.5924 15 5
-762.50726 327.55145 406.10168 15 5
136.59088 0.6877299 -92.71588 16 6
156.60335 4.853793 -91.19449 16 6
176.80225 9.209785 -89.52365 16 6
196.86047 13.764581 -87.87863 16 6
217.14409 18.491863 -86.400055 16 6
236.97758 23.447052 -84.61255 16 6
257.1106 28.562407 -82.89298 16 6
276.88043 33.90653 -81.57204 16 6
296.76257 39.426205 -79.795265 16 6
316.69113 45.125454 -78.13254 16 6
336.42816 51.037388 -76.58223 16 6
356.0922 57.14641 -75.07548 16 6
375.9376 63.409653 -73.30614 16 6
395.3721 69.9257 -71.65551 16 6
415.00494 76.59008 -70.03216 16 6
434.46356 83.46803 -68.55694 16 6
454.06128 90.499214 -66.892914 16 6
473.4863 97.74328 -65.23982 16 6
492.61847 105.22781 -63.763027 16 6
512.03503 112.82986 -62.05507 16 6
531.06384 120.694466 -60.46923 16 6
550.34216 128.67862 -58.882347 16 6
569.342 136.9024 -57.264305 16 6
588.5207 145.25655 -55.62092 16 6
607.3768 153.86266 -53.976395 16 6
626.27094 162.6314 -52.419025 16 6
645.1344 171.57835 -50.67373 16 6
663.7781 180.75362 -49.109776 16 6
682.4345 190.09453 -47.68171 16 6
700.98596 199.63232 -45.946873 16 6
719.50073 209.347 -44.211014 16 6
737.96643 219.24081 -42.54141 16 6
756.45764 229.28986 -40.981544 16 6
774.5231 239.63115 -39.310608 16 6
792.5948 250.13396 -37.69156 16 6
-149.38968 14.901737 -34.34749 17 7
-169.7226 15.786317 -58.722736 17 7
-190.46169 16.353945 -83.16168 17 7
-211.08513 16.653345 -107.724594 17 7
-231.58124 16.682037 -132.16032 17 7
-252.2066 16.419863 -156.4548 17 7
-273.02945 15.864796 -181.22255 17 7
-293.51987 15.047397 -205.78194 17 7
-314.39108 13.928581 -230.27061 17 7
-334.8358 12.545932 -254.78581 17 7
-355.6183 10.866848 -279.24893 17 7
-376.1233 8.912512 -304.22104 17 7
-396.89304 6.6678095 -328.7915 17 7
-417.5287 4.1419578 -353.33478 17 7
-438.1082 1.3318304 -378.02847 17 7
-458.5157 -1.7642215 -402.59558 17 7
-479.254 -5.144319 -427.3864 17 7
-499.73682 -8.811842 -452.1738 17 7
-520.2087 -12.765881 -477.13675 17 7
-540.64905 -17.007029 -501.79004 17 7
-561.1195 -21.533215 -526.6027 17 7
-581.53125 -26.347393 -551.3917 17 7
-601.6945 -31.460169 -576.3083 17 7
-622.22015 -36.839943 -601.24133 17 7
-642.4049 -42.52499 -626.27234 17 7
-662.73987 -48.48571 -651.1432 17 7
-682.7913 -54.75286 -676.5777 17 7
-702.67065 -61.321724 -701.4216 17 7
-723.0022 -68.136024 -726.5631 17 7
-742.9745 -75.267265 -751.8561 17 7
-762.65356 -82.71466 -776.67114 17 7
-782.41394 -90.43984 -802.2013 17 7
-802.32294 -98.43138 -827.6995 17 7
-821.85443 -106.75286 -852.8083 17 7
-841.58795 -115.33135 -878.24567 17 7
50.27262 -122.072136 734.2944 18 7
58.09241 -141.1283 824.3593 18 7
65.50815 -160.44519 914.20764 18 7
72.52483 -180.00127 1004.3801 18 7
79.232414 -199.5624 1094.4695 18 7
85.55164 -219.31223 1184.8873 18 7
91.549965 -239.06459 1275.2284 18 7
97.11533 -259.0966 1365.7515 18 7
102.346924 -279.13428 1456.3099 18 7
107.16899 -299.36685 1547.1803 18 7
111.62741 -319.65442 1637.9902 18 7
115.70008 -340.0427 1728.8066 18 7
119.27868 -360.84372 1820.2174 18 7
122.512024 -381.60596 1911.5559 18 7
125.40844 -402.27472 2003.0521 18 7
127.80937 -423.34082 2094.7983 18 7
129.92947 -444.08438 2186.5295 18 7
131.53082 -465.28775 2278.6003 18 7
132.84995 -486.10782 2370.802 18 7
99.93661 -80.524376 56.161503 19 7
116.54331 -92.5908 45.208656 19 7
133.4452 -104.38045 34.068558 19 7
150.51657 -115.997734 23.266464 19 7
167.27718 -127.81116 12.212118 19 7
184.42297 -139.28508 1.252614 19 7
201.54153 -150.73488 -9.799166 19 7
218.86534 -161.98564 -20.785032 19 7
236.00856 -173.32286 -31.798904 19 7
253.20549 -184.5706 -42.752583 19 7
270.73947 -195.52364 -53.705814 19 7
288.2811 -206.42207 -64.57303 19 7
305.77344 -217.30482 -75.88935 19 7
323.33783 -228.08379 -86.72964 19 7
340.9916 -238.74643 -97.65964 19 7
358.6761 -249.33339 -108.86571 19 7
376.45923 -259.79666 -119.74045 19 7
394.28656 -270.17358 -130.77083 19 7
412.20135 -280.43387 -141.96547 19 7
430.1058 -290.64337 -152.93277 19 7
448.3271 -300.58102 -164.06956 19 7
466.2267 -310.67526 -175.0837 19 7
484.36862 -320.54703 -185.98335 19 7
502.40796 -330.42493 -196.8722 19 7
520.8986 -339.9447 -207.90276 19 7
539.0728 -349.6087 -219.21568 19 7
557.5831 -358.99124 -230.12578 19 7
575.89124 -368.43967 -241.2238 19 7
594.5602 -377.5924 -252.20543 19 7
613.0314 -386.80518 -263.29715 19 7
631.5528 -395.91882 -274.34518 19 7
650.2243 -404.87048 -285.31198 19 7
669.22125 -413.55243 -296.40518 19 7
687.7067 -422.48138 -307.46362 19 7
706.5641 -431.11093 -318.55945 19 7
35.328217 -128.2526 29.51057 20 7
42.79178 -147.45367 14.767574 20 7
50.27605 -166.98141 -0.42606616 20 7
58.100708 -185.77293 -15.333641 20 7
65.910385 -204.99599 -30.339378 20 7
73.926575 -223.93839 -45.29582 20 7
82.08496 -242.80588 -60.185276 20 7
90.34578 -261.71335 -75.05055 20 7
98.7376 -280.57248 -90.23329 20 7
107.312386 -299.23663 -105.20981 20 7
115.90719 -318.15845 -120.01505 20 7
124.82291 -336.5092 -135.10052 20 7
133.6799 -355.32025 -149.95705 20 7
142.8302 -373.6453 -165.1869 20 7
151.98947 -392.23523 -179.86458 20 7
161.31375 -410.67804 -195.2574 20 7
170.82076 -428.9313 -210.10228 20 7
180.30627 -447.50522 -225.10716 20 7
190.0936 -465.59213 -240.13971 20 7
199.95235 -483.76385 -255.38637 20 7
209.8297 -502.13986 -270.26913 20 7
220.10841 -519.8053 -285.1416 20 7
230.3399 -537.8286 -300.24393 20 7
240.64203 -555.922 -315.2452 20 7
251.26744 -573.5028 -330.23236 20 7
261.83905 -591.4359 -345.63998 20 7
272.67758 -608.98987 -360.38882 20 7
283.57828 -626.626 -375.3359 20 7
294.54434 -644.331 -390.3014 20 7
305.81366 -661.5846 -405.66803 20 7
317.00113 -679.22205 -420.79358 20 7
328.49982 -696.3948 -435.65826 20 7
339.98785 -713.789 -450.9229 20 7
351.6863 -730.9352 -465.95172 20 7
363.45273 -748.13043 -481.14545 20 7
-127.68395 -36.973118 -5.118711 21 8
-147.56383 -41.814064 5.3228693 21 8
-167.5699 -46.758858 15.725669 21 8
-187.46573 -51.874584 26.29869 21 8
-207.45363 -57.10483 36.84846 21 8
-227.35344 -62.499043 47.353058 21 8
-247.19823 -68.04762 57.774563 21 8
-267.12015 -73.71371 68.504974 21 8
-286.8068 -79.583145 79.12563 21 8
-306.5011 -85.58858 89.37407 21 8
-326.09686 -91.75928 99.88597 21 8
-345.7958 -98.03808 110.58003 21 8
-365.30673 -104.50682 120.96181 21 8
-384.96362 -111.069855 131.6782 21 8
-404.69067 -117.747345 142.09529 21 8
-424.0233 -124.67446 152.64694 21 8
-443.3043 -131.75198 163.12158 21 8
-462.80093 -138.89941 173.74629 21 8
-482.10446 -146.23784 184.32623 21 8
-501.52432 -153.67332 194.92088 21 8
-520.57214 -161.35518 205.45349 21 8
-539.81946 -169.10715 215.9575 21 8
-558.9613 -177.02286 226.54408 21 8
-578.0358 -185.09018 237.06332 21 8
-596.99994 -193.3228 247.57083 21 8
-616.0649 -201.6517 258.32782 21 8
-634.84595 -210.20212 268.86417 21 8
-653.90106 -218.7894 279.46033 21 8
-672.5365 -227.64413 289.96545 21 8
-691.3519 -236.56476 300.6245 21 8
-710.0022 -245.66754 311.2718 21 8
-728.5712 -254.92384 321.81693 21 8
-747.19324 -264.28598 332.4301 21 8
-765.8788 -273.7484 343.06332 21 8
-784.33844 -283.41373 353.76617 21 8
107.87851 -90.937416 313.52234 22 9
122.71056 -105.22287 323.3802 22 9
137.72942 -119.36825 333.2131 22 9
152.25716 -133.95865 343.10794 22 9
166.76149 -148.5893 352.8934 22 9
181.25835 -163.24174 362.8138 22 9
195.57765 -178.06667 372.65768 22 9
209.81477 -192.97704 382.57605 22 9
223.90422 -208.0317 392.2406 22 9
237.80421 -223.26962 402.2397 22 9
251.80655 -238.41519 411.98035 22 9
265.42694 -253.92448 421.82935 22 9
279.13284 -269.3523 431.66635 22 9
292.62415 -284.98422 441.60645 22 9
306.16348 -300.56375 451.44275 22 9
319.4129 -316.4201 461.48087 22 9
332.675 -332.25412 471.35938 22 9
345.6212 -348.39233 480.80814 22 9
358.72263 -364.35962 490.6918 22 9
371.38867 -380.75308 500.88577 22 9
384.04 -397.1447 510.7171 22 9
396.78397 -413.41855 520.6443 22 9
409.22498 -429.9835 530.5696 22 9
421.5001 -446.69766 540.52277 22 9
433.79688 -463.36047 550.35266 22 9
445.89987 -480.19888 560.3276 22 9
457.78946 -497.23462 570.2399 22 9
469.6206 -514.2991 580.05554 22 9
481.42093 -531.3586 590.207 22 9
492.98212 -548.6409 599.9696 22 9
504.3753 -566.06805 609.8334 22 9
515.8281 -583.38214 619.78235 22 9
527.0501 -600.9079 629.79535 22 9
538.17065 -618.4978 639.8151 22 9
549.23334 -636.0993 649.81335 22 9
30.215086 -131.66942 -53.97967 23 10
34.717064 -151.89442 -87.032166 23 10
39.0735 -171.86995 -120.01274 23 10
43.16158 -192.13019 -153.08026 23 10
47.07808 -212.24245 -186.11298 23 10
50.733204 -232.60551 -219.09044 23 10
54.158382 -253.07889 -252.28156 23 10
57.378677 -273.54303 -285.41162 23 10
60.447296 -293.73196 -318.49625 23 10
63.23451 -314.26547 -351.48135 23 10
65.788956 -334.9125 -384.7477 23 10
68.17307 -355.34872 -417.85104 23 10
70.31448 -375.9377 -451.0837 23 10
72.25564 -396.45114 -484.2963 23 10
73.92652 -417.27023 -517.3151 23 10
75.40494 -437.96213 -550.5165 23 10
76.67595 -458.5972 -583.97186 23 10
77.726234 -479.2446 -617.1771 23 10
78.519135 -500.13113 -650.4943 23 10
79.09725 -520.99274 -683.6995 23 10
79.49702 -541.5708 -717.2622 23 10
79.62039 -562.51874 -750.39685 23 10
79.53047 -583.40796 -783.8128 23 10
79.23383 -604.1736 -817.2958 23 10
78.72651 -624.8234 -850.817 23 10
77.93492 -645.9437 -884.2465 23 10
76.970985 -666.621 -917.86633 23 10
75.73987 -687.64417 -951.2306 23 10
74.294014 -708.5568 -984.55066 23 10
72.640686 -729.2601 -1018.6219 23 10
70.726654 -750.27423 -1052.0054 23 10
68.59462 -771.1664 -1085.8342 23 10
66.22594 -792.1271 -1119.5079 23 10
63.611656 -813.27563 -1153.3105 23 10
60.797417 -834.0183 -1187.2507 23 10
-127.92002 78.22895 123.78334 24 10
-145.4298 89.26899 116.51217 24 10
-162.53378 100.63867 109.41922 24 10
-179.60947 112.105804 102.23565 24 10
-196.58711 123.71256 94.93548 24 10
-213.67532 135.32616 87.88013 24 10
-230.55702 147.14522 80.653015 24 10
-247.1988 159.19206 73.547874 24 10
-264.0922 171.14944 66.39714 24 10
-280.67322 183.37979 59.30346 24 10
-297.23102 195.69514 52.225586 24 10
-313.67218 208.15561 44.77674 24 10
-330.12115 220.67735 37.5767 24 10
-346.2531 233.4769 30.369284 24 10
-362.4834 246.27467 23.252975 24 10
-378.62094 259.19748 16.179363 24 10
-394.4176 272.41565 8.620854 24 10
-410.46896 285.5179 1.671261 24 10
-426.07727 298.98682 -5.554848 24 10
-441.92447 312.3452 -12.784623 24 10
-457.7346 325.78302 -19.970728 24 10
-473.1016 339.58984 -27.20234 24 10
-488.5017 353.42584 -34.538128 24 10
-503.72482 367.44104 -41.66978 24 10
-519.0432 381.43567 -48.88583 24 10
-534.278 395.53784 -56.175255 24 10
-549.1407 409.96158 -63.334686 24 10
-564.03253 424.4087 -70.60614 24 10
-578.86566 438.94244 -77.795494 24 10
-593.70355 453.5125 -85.02506 24 10
-608.1991 468.38324 -92.33358 24 10
-622.68494 483.29968 -99.54167 24 10
-637.0933 498.31195 -106.77177 24 10
-651.4369 513.4085 -114.18349 24 10
-665.5134 528.74817 -121.30526 24 10
-36.380405 -133.43317 109.45158 25 10
-41.865276 -153.3593 100.36854 25 10
-47.715816 -172.97203 90.84444 25 10
-53.753113 -192.91582 81.56703 25 10
-60.174862 -212.46973 72.2783 25 10
-66.842804 -232.12248 63.00745 25 10
-73.85326 -251.5307 53.8764 25 10
-81.12066 -270.98334 44.48885 25 10
-88.76531 -290.07336 35.221718 25 10
-96.59487 -309.42764 25.963259 25 10
-104.82317 -328.34805 16.596437 25 10
-113.320625 -347.24738 7.342471 25 10
-122.055885 -366.20905 -2.034499 25 10
-131.14565 -384.87408 -11.536075 25 10
-140.51503 -403.46384 -20.764198 25 10
-150.18622 -421.90805 -30.242294 25 10
-160.12688 -440.2918 -39.57197 25 10
-170.34695 -458.57895 -48.95978 25 10
-180.85388 -476.7426 -58.267735 25 10
-191.67886 -494.6963 -67.771996 25 10
-202.7894 -512.5213 -77.22247 25 10
-214.19785 -530.1811 -86.836 25 10
-225.89642 -547.6904 -96.18685 25 10
-237.79651 -565.25476 -105.63302 25 10
-250.15668 -582.2543 -115.11947 25 10
-262.7509 -599.2237 -124.54867 25 10
-275.5428 -616.2313 -134.1028 25 10
-288.65247 -632.9968 -143.64546 25 10
-302.03845 -649.608 -153.23479 25 10
-315.74017 -665.9753 -162.9382 25 10
-329.83246 -681.9423 -172.45856 25 10
-344.01016 -698.1354 -182.04147 25 10
-358.5926 -713.89 -191.54317 25 10
-373.3685 -729.6274 -201.40332 25 10
-388.42157 -745.17163 -211.23145 25 10
134.7494 13.805068 458.79074 26 10
154.95998 15.5567465 500.44214 26 10
175.72948 17.362612 542.0907 26 10
196.22336 19.306334 583.7226 26 10
216.53412 21.378357 625.0342 26 10
236.91519 23.553804 666.8774 26 10
257.58646 25.810549 708.293 26 10
278.1109 28.19182 749.9957 26 10
298.4997 30.696846 791.5882 26 10
318.92215 33.308437 833.1168 26 10
339.2569 36.03921 874.627 26 10
359.7049 38.867817 916.2602 26 10
380.08957 41.81289 958.02563 26 10
400.56836 44.85702 999.56555 26 10
421.00885 48.01458 1041.2793 26 10
441.05838 51.326622 1082.8855 26 10
461.7525 54.672897 1124.6 26 10
482.04462 58.175243 1166.0148 26 10
502.2261 61.80037 1207.7493 26 10
522.63794 65.50613 1249.1206 26 10
542.8997 69.33927 1290.8003 26 10
563.1505 73.28259 1332.6509 26 10
583.4934 77.32229 1374.3707 26 10
603.52405 81.51208 1416.1586 26 10
623.6906 85.79243 1457.7089 26 10
644.06665 90.15182 1499.3981 26 10
664.26013 94.64431 1541.1558 26 10
684.2735 99.270676 1582.6542 26 10
704.47485 103.977745 1624.5842 26 10
724.7948 108.77424 1666.3298 26 10
744.7925 113.726326 1708.0796 26 10
764.87506 118.772995 1749.6986 26 10
784.9223 123.93232 1791.637 26 10
804.8771 129.21349 1833.6025 26 10
825.01605 134.5718 1875.1357 26 10
88.209145 -100.09401 145.8273 27 10
100.08613 -117.08312 141.71107 27 10
111.41202 -134.50719 137.73723 27 10
122.13001 -152.41377 133.69313 27 10
132.41353 -170.5617 129.44537 27 10
142.32538 -188.82538 125.51259 27 10
151.3288 -207.88756 121.587906 27 10
159.9565 -227.00714 117.45585 27 10
167.82135 -246.6917 113.51527 27 10
175.08849 -266.682 109.265976 27 10
181.8354 -286.81982 105.03587 27 10
187.80296 -307.47568 100.94444 27 10
193.2741 -328.15674 96.81185 27 10
197.89217 -349.42297 92.453476 27 10
201.90286 -370.8199 88.43993 27 10
205.1696 -392.54886 84.27305 27 10
207.82556 -414.3093 79.74974 27 10
209.60248 -436.58405 75.65873 27 10
210.79448 -458.72144 71.28365 27 10
211.18057 -481.12082 66.81608 27 10
210.73247 -503.801 62.550068 27 10
209.41112 -526.8125 58.131752 27 10
207.40265 -549.62054 53.708076 27 10
204.40442 -572.9381 49.15976 27 10
200.73135 -595.81714 44.593758 27 10
196.07248 -619.0448 40.00468 27 10
190.50963 -642.29785 35.403034 27 10
183.88528 -666.02563 30.716816 27 10
176.37787 -689.5066 26.074612 27 10
167.93143 -712.76605 21.001364 27 10
158.44905 -736.0274 16.30243 27 10
147.86902 -759.4259 11.202106 27 10
136.26802 -782.36346 6.242006 27 10
123.43087 -805.8201 1.3101075 27 10
109.51066 -828.6054 -3.9134054 27 10
147.34995 -27.509714 -88.182915 28 11
167.37097 -32.054287 -109.204124 28 11
187.47618 -36.715572 -130.87173 28 11
207.3446 -41.55602 -151.98541 28 11
227.65582 -46.439163 -173.25493 28 11
247.60562 -51.526413 -194.71675 28 11
267.47192 -56.762505 -215.9432 28 11
287.42105 -62.111794 -237.1134 28 11
307.2959 -67.60721 -258.31567 28 11
326.96988 -73.27729 -279.5471 28 11
346.77493 -79.048035 -300.92905 28 11
366.6573 -84.929665 -322.3358 28 11
386.3491 -90.98369 -343.58716 28 11
406.02176 -97.170525 -365.13452 28 11
425.5555 -103.51879 -386.13733 28 11
445.3191 -109.938255 -407.52542 28 11
464.94727 -116.51713 -428.82544 28 11
484.36487 -123.27532 -450.0385 28 11
503.77512 -130.16196 -471.42334 28 11
523.1863 -137.17415 -492.99817 28 11
542.6966 -144.28497 -514.173 28 11
561.9574 -151.58653 -535.56445 28 11
581.40283 -158.9621 -556.7833 28 11
600.4041 -166.58307 -578.4403 28 11
619.78235 -174.22289 -599.5253 28 11
639.1425 -181.9889 -621.24133 28 11
658.18695 -189.9664 -642.4441 28 11
677.2042 -198.0737 -663.7275 28 11
696.3425 -206.26627 -685.2442 28 11
715.32294 -214.62556 -706.7654 28 11
734.12335 -223.15916 -728.1034 28 11
753.14886 -231.74353 -749.5709 28 11
771.7349 -240.5822 -770.9424 28 11
790.6326 -249.44235 -792.53815 28 11
809.5196 -258.4223 -813.92267 28 11
136.59114 58.52494 186.7703 29 11
155.02661 68.34235 206.5227 29 11
172.80705 78.68005 226.34868 29 11
190.36137 89.35361 246.07178 29 11
207.94157 100.2402 265.55988 29 11
225.38445 111.409485 285.23682 29 11
242.55394 122.925476 305.1005 29 11
259.63788 134.69052 324.72778 29 11
276.43268 146.8055 344.7728 29 11
293.16254 159.14853 364.4944 29 11
309.51956 171.88216 384.3087 29 11
325.85492 184.80965 404.0722 29 11
341.763 198.15562 424.07138 29 11
357.7411 211.62993 443.74417 29 11
373.462 225.41583 463.80585 29 11
388.66052 239.67415 483.6985 29 11
404.0001 253.99492 503.62753 29 11
418.98987 268.6749 523.57825 29 11
433.83823 283.5781 543.7085 29 11
448.26187 298.88535 563.5363 29 11
462.8548 314.19577 583.90247 29 11
476.65625 330.1539 604.0627 29 11
490.60513 346.11404 624.23846 29 11
504.08817 362.4963 644.3296 29 11
517.5808 378.95602 664.61804 29 11
530.68866 395.77136 685.0548 29 11
543.26135 413.05618 705.52386 29 11
555.93384 430.32495 725.9024 29 11
568.083 448.04755 746.32996 29 11
580.1361 465.88577 766.7237 29 11
591.858 484.01797 787.3241 29 11
603.2975 502.39935 808.08356 29 11
614.52936 520.96 828.6541 29 11
625.26697 539.9369 849.623 29 11
635.78394 559.0918 870.3531 29 11
-98.605675 -93.26256 299.00125 30 12
-112.73072 -108.512085 301.55548 30 12
-126.440636 -124.20477 303.78357 30 12
-139.35623 -140.67982 306.3588 30 12
-151.81795 -157.56743 309.00943 30 12
-163.62448 -175.0345 311.5092 30 12
-174.91792 -192.89052 314.02014 30 12
-185.36426 -211.46335 316.57864 30 12
-195.15314 -230.50937 319.20926 30 12
-204.26924 -250.00124 321.70178 30 12
-212.65561 -269.9612 324.33533 30 12
-220.28877 -290.37167 326.76416 30 12
-227.19524 -311.1444 329.59473 30 12
-233.20111 -332.46313 332.16003 30 12
-238.42207 -354.113 334.76257 30 12
-242.67853 -376.29968 337.4136 30 12
-246.10226 -398.76166 340.35825 30 12
-248.4993 -421.74072 342.97253 30 12
-250.03835 -444.88065 345.93695 30 12
-250.73082 -468.04608 348.42612 30 12
-250.05568 -492.11996 351.43375 30 12
-248.63417 -515.80853 354.21478 30 12
-245.78815 -540.36835 357.04922 30 12
-241.8616 -564.97955 360.15573 30 12
-236.83258 -589.512 363.19614 30 12
-230.50848 -614.24896 366.36337 30 12
-222.75024 -639.39954 369.5962 30 12
-213.64668 -664.52515 372.7625 30 12
-203.14671 -689.49023 375.89264 30 12
-191.08287 -714.52203 379.30783 30 12
-177.40266 -739.44855 382.49786 30 12
-161.95847 -764.42365 386.21603 30 12
-144.68648 -789.1914 389.5228 30 12
-125.48383 -813.4879 393.33572 30 12
-104.13196 -837.6096 397.21103 30 12
146.64696 7.8323884 274.1652 31 12
167.04683 11.022464 272.7807 31 12
187.43596 14.450073 271.66263 31 12
207.60693 18.132423 270.46164 31 12
227.81581 22.049658 269.04703 31 12
248.05879 26.199568 267.92374 31 12
268.3069 30.583138 266.70813 31 12
288.27353 35.233837 265.29736 31 12
308.34528 40.106625 264.04105 31 12
328.42004 45.211525 262.74805 31 12
348.53867 50.540993 261.78714 31 12
368.32425 56.14992 260.31912 31 12
388.2198 61.973206 259.22287 31 12
408.03558 68.03839 257.89648 31 12
427.9628 74.312195 256.96375 31 12
447.44855 80.89042 255.33304 31 12
467.3492 87.6197 254.2122 31 12
486.77014 94.66357 253.00603 31 12
506.25858 101.91974 251.7052 31 12
525.666 109.41571 250.3674 31 12
544.9214 117.166336 249.34627 31 12
564.0567 125.16545 247.98337 31 12
583.40533 133.33711 246.58882 31 12
602.5861 141.76439 245.38593 31 12
621.439 150.48712 243.8734 31 12
640.512 159.37317 242.82533 31 12
659.5514 168.48048 241.68112 31 12
678.0482 177.9407 240.35458 31 12
696.94745 187.50795 239.26463 31 12
715.3463 197.42043 237.78252 31 12
734.0035 207.47112 236.62654 31 12
752.3692 217.8111 235.23166 31 12
770.47906 228.43286 233.91554 31 12
788.9359 239.1559 232.7545 31 12
806.7383 250.2806 231.44606 31 12
-65.91005 -133.06322 -245.16835 32 13
-76.56107 -150.5425 -256.23346 32 13
-87.2445 -168.1703 -267.31097 32 13
-97.96604 -185.91998 -278.4559 32 13
-109.04407 -203.18576 -289.52396 32 13
-120.14366 -220.59952 -300.7052 32 13
-131.45522 -237.80417 -311.68765 32 13
-142.95709 -254.84146 -323.06354 32 13
-154.44429 -272.07355 -333.99295 32 13
-166.15382 -289.07538 -345.1736 32 13
-178.02733 -305.9505 -356.3304 32 13
-190.12898 -322.58923 -367.70395 32 13
-202.28934 -339.27905 -378.7677 32 13
-214.51118 -356.00842 -389.9934 32 13
-226.91649 -372.57083 -401.15347 32 13
-239.58827 -388.83197 -412.16663 32 13
-252.26991 -405.20865 -423.4423 32 13
-265.12076 -421.43896 -434.74176 32 13
-278.22406 -437.3917 -446.0106 32 13
-291.32986 -453.45935 -456.95322 32 13
-304.64322 -469.3177 -468.232 32 13
-318.12973 -485.02054 -479.35352 32 13
-331.74136 -500.6401 -490.70932 32 13
-345.4271 -516.2502 -501.97836 32 13
-359.37976 -531.5607 -512.7918 32 13
-373.25684 -547.07764 -524.0978 32 13
-387.391 -562.30695 -535.6979 32 13
-401.78793 -577.24396 -546.7398 32 13
-415.93726 -592.6188 -557.9137 32 13
-430.6589 -607.2575 -569.34106 32 13
-445.30087 -622.0869 -580.3383 32 13
-460.12708 -636.73145 -591.7478 32 13
-475.0803 -651.2697 -602.815 32 13
-490.16193 -665.6978 -614.42096 32 13
-505.28864 -680.12585 -625.68604 32 13
23.80776 119.819336 -81.90089 33 13
25.805727 140.4407 -67.95021 33 13
27.37738 161.12292 -54.49647 33 13
28.530565 181.79955 -40.970898 33 13
29.287674 202.28313 -27.347982 33 13
29.551222 223.22533 -13.368062 33 13
29.46387 243.5503 0.3837743 33 13
28.856453 264.5788 13.94736 33 13
27.825361 285.5421 27.76722 33 13
26.401575 306.02133 41.47057 33 13
24.493547 326.98596 55.337276 33 13
22.152386 347.85632 69.15086 33 13
19.381878 368.4635 82.9022 33 13
16.155571 389.1945 96.7268 33 13
12.471997 410.18924 110.61216 33 13
8.35463 430.63394 124.604294 33 13
3.7773964 451.38 138.5951 33 13
-1.2513807 471.97583 152.42981 33 13
-6.736252 492.4624 166.32854 33 13
-12.673071 513.14716 180.62538 33 13
-19.07288 533.5242 194.61217 33 13
-25.944902 553.5973 208.77736 33 13
-33.272827 573.8032 223.15 33 13
-41.05263 594.1149 237.21712 33 13
-49.306004 614.19543 251.5937 33 13
-58.04173 634.0097 266.00208 33 13
-67.2315 653.8959 280.5284 33 13
-76.87252 673.83136 295.03088 33 13
-87.037125 693.19995 309.54367 33 13
-97.688 712.38873 324.14185 33 13
-108.78425 731.6868 338.65286 33 13
-120.37295 750.74817 353.33517 33 13
-132.42046 769.78687 368.2995 33 13
-144.99054 788.43024 383.05484 33 13
-158.01656 807.0595 398.00473 33 13
101.76786 -108.03469 137.18755 34 14
115.900475 -123.03025 153.60796 34 14
130.41298 -137.63303 170.1473 34 14
144.96451 -152.20389 186.59813 34 14
159.39265 -166.91156 202.95224 34 14
174.02995 -181.40607 219.54292 34 14
188.93329 -195.62949 236.07407 34 14
203.53917 -210.1651 252.66733 34 14
218.60165 -224.23238 269.0919 34 14
233.51038 -238.45972 285.49908 34 14
248.57365 -252.52945 302.35834 34 14
263.73706 -266.49695 318.85596 34 14
278.98947 -280.37302 335.2454 34 14
294.29663 -294.19122 351.61673 34 14
309.63312 -307.97577 368.39966 34 14
325.12332 -321.60202 384.65826 34 14
340.704 -335.13263 401.29037 34 14
356.2008 -348.7377 417.92264 34 14
371.8888 -362.14612 434.4281 34 14
387.75986 -375.36682 451.09564 34 14
403.64645 -388.56207 467.39575 34 14
419.4754 -401.80017 483.9907 34 14
435.5218 -414.81628 500.7136 34 14
451.6522 -427.73825 517.20465 34 14
467.85593 -440.57556 533.74207 34 14
484.08792 -453.3696 550.1676 34 14
500.38315 -466.08627 566.7842 34 14
516.88855 -478.58868 583.4536 34 14
533.1246 -491.31973 599.74536 34 14
549.8644 -503.56537 616.4851 34 14
566.66876 -515.73145 633.0248 34 14
583.2504 -528.07715 649.828 34 14
600.07715 -540.1761 666.40265 34 14
616.8876 -552.26416 683.1215 34 14
633.90125 -564.14374 699.4952 34 14
0.6837206 -147.04645 -82.10309 35 14
1.1764969 -167.90097 -96.20083 35 14
1.8114346 -188.71797 -110.12164 35 14
2.5957444 -208.93004 -124.206024 35 14
3.51938 -229.53102 -138.0796 35 14
4.5896225 -249.93765 -152.01857 35 14
5.7935715 -270.83447 -166.04938 35 14
7.1488094 -291.31686 -179.93504 35 14
8.647524 -311.80563 -193.79604 35 14
10.287385 -332.37238 -207.56383 35 14
12.066546 -353.0469 -221.85875 35 14
13.997351 -373.4694 -235.83493 35 14
16.06831 -393.9802 -249.84563 35 14
18.284475 -414.44263 -263.83438 35 14
20.634262 -435.1087 -277.8717 35 14
23.130566 -455.6818 -291.8096 35 14
25.781048 -476.0351 -305.78073 35 14
28.574608 -496.39767 -319.77875 35 14
31.503109 -516.89905 -333.60355 35 14
34.578026 -537.33624 -347.65326 35 14
37.7976 -557.7422 -361.6193 35 14
41.16089 -578.132 -375.6123 35 14
44.6726 -598.4422 -389.71515 35 14
48.30585 -619.02496 -403.90704 35 14
52.10805 -639.2612 -417.81104 35 14
56.03367 -659.7265 -431.84528 35 14
60.12374 -679.9269 -446.00104 35 14
64.34414 -700.2611 -459.85184 35 14
68.68765 -720.7873 -474.08856 35 14
73.21584 -740.85956 -488.12885 35 14
77.86247 -761.1687 -502.13223 35 14
82.67895 -781.20264 -516.1623 35 14
87.62229 -801.37805 -530.1122 35 14
92.70777 -821.54364 -544.26807 35 14
97.92261 -841.8072 -558.5331 35 14
149.66484 4.3806367 -96.12618 36 14
170.21904 4.364392 -112.15592 36 14
190.80684 4.230521 -127.83842 36 14
211.26744 3.9823668 -143.84482 36 14
232.03389 3.6119127 -159.92717 36 14
252.65941 3.1276188 -175.58907 36 14
272.9565 2.5298457 -191.61674 36 14
293.79218 1.8101865 -207.49422 36 14
314.41025 0.9759519 -223.43166 36 14
335.15652 0.025113923 -239.27817 36 14
355.5485 -1.0425844 -255.20065 36 14
376.22693 -2.2265253 -270.84824 36 14
396.69678 -3.5285325 -287.00766 36 14
417.21045 -4.9474497 -302.91736 36 14
438.01505 -6.4792004 -318.87155 36 14
458.45267 -8.13286 -334.7901 36 14
478.76895 -9.906545 -350.73013 36 14
499.42096 -11.790486 -366.53955 36 14
519.989 -13.79282 -382.56964 36 14
540.4441 -15.915084 -398.63675 36 14
561.0927 -18.148287 -414.50137 36 14
581.69635 -20.499084 -430.27414 36 14
602.04034 -22.975988 -446.2149 36 14
622.614 -25.56109 -462.29648 36 14
642.9869 -28.271229 -478.1045 36 14
663.61505 -31.086693 -494.16895 36 14
683.88824 -34.03553 -510.1801 36 14
704.303 -37.09458 -525.89624 36 14
724.8372 -40.263737 -542.1653 36 14
745.23883 -43.556576 -557.9454 36 14
765.77814 -46.957558 -573.84656 36 14
786.24347 -50.478954 -589.9028 36 14
806.43036 -54.135 -605.85925 36 14
826.91907 -57.88735 -621.85034 36 14
847.2806 -61.764526 -637.8859 36 14
53.25608 84.009254 -198.61414 37 15
64.03534 101.60658 -202.54076 37 15
75.01704 118.977554 -207.12834 37 15
85.96285 136.49918 -211.01341 37 15
97.15667 153.7205 -215.32156 37 15
108.4381 170.89555 -219.53337 37 15
119.67822 188.22643 -223.4562 37 15
131.12527 205.32101 -227.8991 37 15
142.49776 222.61984 -231.81648 37 15
154.1592 239.554 -236.07878 37 15
165.93883 256.3908 -240.16115 37 15
177.7225 273.30566 -244.62834 37 15
189.5625 290.2158 -248.64915 37 15
201.54224 306.99243 -252.83829 37 15
213.67175 323.6207 -257.11905 37 15
225.68004 340.50964 -261.06146 37 15
238.07532 356.8914 -265.2857 37 15
250.51381 373.28488 -269.4148 37 15
262.88782 389.8479 -273.6139 37 15
275.28973 406.43964 -277.83768 37 15
287.96637 422.69565 -282.02393 37 15
300.69626 438.94272 -286.28625 37 15
313.60123 455.0023 -290.261 37 15
326.43893 471.22546 -294.47797 37 15
339.53735 487.1369 -298.6708 37 15
352.63712 503.1101 -302.83008 37 15
365.80127 519.0526 -307.09454 37 15
379.00082 535.0041 -311.29852 37 15
392.30518 550.86505 -315.57645 37 15
405.85144 566.4436 -319.50378 37 15
419.32703 582.1765 -323.90598 37 15
433.02567 597.65393 -328.07208 37 15
446.7422 613.1596 -332.05493 37 15
460.4612 628.71234 -336.37967 37 15
474.34277 644.09204 -340.52917 37 15
-133.50264 -4.198509 -375.28098 38 15
-154.38826 -3.962232 -408.9552 38 15
-175.03296 -4.575178 -442.7351 38 15
-195.77155 -6.036049 -476.4503 38 15
-216.7802 -8.344556 -510.3646 38 15
-237.52893 -11.525186 -544.2171 38 15
-258.17322 -15.581879 -578.5517 38 15
-279.12918 -20.492182 -612.83966 38 15
-299.62988 -26.312525 -647.48663 38 15
-320.10214 -33.01925 -682.2588 38 15
-340.3796 -40.63206 -717.1681 38 15
-360.29837 -49.17923 -752.65704 38 15
-380.36343 -58.59564 -788.28925 38 15
-399.80685 -68.99707 -823.8526 38 15
-419.3341 -80.27166 -860.1696 38 15
-438.2923 -92.53774 -896.5834 38 15
-456.6677 -105.81443 -933.6414 38 15
-475.00443 -119.978806 -970.78436 38 15
-492.44977 -135.24144 -1008.39185 38 15
-510.06216 -151.31667 -1046.7131 38 15
-526.4728 -168.5952 -1085.4863 38 15
-542.7572 -186.75017 -1124.7738 38 15
-558.2861 -205.97469 -1164.7605 38 15
-572.9021 -226.3318 -1205.4122 38 15
-586.6737 -247.79977 -1246.687 38 15
-599.9992 -270.1938 -1288.661 38 15
-612.0515 -293.8608 -1331.6381 38 15
-623.28937 -318.5788 -1375.4761 38 15
-633.35144 -344.50095 -1420.502 38 15
-642.279 -371.5789 -1466.7042 38 15
-649.9607 -399.83228 -1513.801 38 15
-656.04553 -429.428 -1562.8727 38 15
-660.28033 -460.48938 -1613.2802 38 15
-663.0136 -492.6977 -1665.6472 38 15
-663.61194 -526.39014 -1720.3542 38 15
107.63018 -63.797333 -137.26111 39 15
126.493935 -71.65574 -131.16185 39 15
145.7402 -79.51708 -125.33775 39 15
164.6575 -87.78185 -119.3854 39 15
183.4008 -96.35722 -113.33992 39 15
202.23804 -105.10002 -107.23082 39 15
220.41759 -114.39925 -101.52889 39 15
238.82498 -123.791824 -95.20742 39 15
257.32797 -133.34459 -89.23215 39 15
275.34985 -143.35376 -83.40714 39 15
293.60394 -153.44586 -77.2756 39 15
311.34253 -164.0085 -71.20798 39 15
329.1264 -174.74557 -65.277245 39 15
346.70428 -185.78665 -59.42539 39 15
364.1492 -197.0904 -53.30959 39 15
381.4675 -208.6504 -47.082233 39 15
398.64966 -220.46873 -41.145576 39 15
415.69775 -232.54102 -34.978867 39 15
432.47885 -244.93918 -28.891623 39 15
449.2279 -257.52786 -22.784748 39 15
465.70688 -270.43942 -16.777256 39 15
482.08218 -283.57535 -10.761774 39 15
498.3816 -296.91443 -4.631944 39 15
514.26807 -310.65475 1.4661614 39 15
530.06915 -324.59842 7.6146684 39 15
545.6569 -338.81927 13.735411 39 15
561.26154 -353.16986 19.699797 39 15
576.5316 -367.86584 26.194128 39 15
591.45087 -382.91803 32.260906 39 15
606.3886 -398.0849 38.29044 39 15
621.0867 -413.52875 44.599247 39 15
635.3987 -429.3459 50.615322 39 15
649.7946 -445.21588 56.83437 39 15
663.90314 -461.38446 63.32258 39 15
677.64996 -477.90225 69.31411 39 15
47.78774 87.157524 -20.595156 40 15
60.4096 103.643364 4.8344226 40 15
73.74754 119.751045 30.582312 40 15
87.84948 135.33118 56.17355 40 15
102.8693 150.10124 82.0145 40 15
118.55398 164.39133 107.92964 40 15
135.11473 177.84807 133.94261 40 15
152.28383 190.77773 160.08482 40 15
170.10826 203.04456 186.59401 40 15
188.82109 214.31625 213.4808 40 15
208.1952 224.81097 240.49939 40 15
228.22302 234.47139 267.71802 40 15
248.89207 243.24423 295.01627 40 15
270.29117 250.98001 322.7309 40 15
292.17874 257.83716 351.02698 40 15
314.90683 263.43198 379.56226 40 15
338.06387 268.04803 408.44608 40 15
361.89026 271.40594 437.8124 40 15
386.07794 273.6535 467.60022 40 15
410.89282 274.50137 498.25717 40 15
436.43283 273.80487 529.1037 40 15
462.12692 271.82254 560.724 40 15
488.36246 268.19028 593.31494 40 15
515.0704 262.82913 626.5567 40 15
541.96515 255.74059 660.62854 40 15
569.3946 246.59413 695.8316 40 15
596.75903 235.46877 732.04755 40 15
624.57166 221.93127 769.7279 40 15
652.3581 205.90918 809.0449 40 15
680.224 187.05167 850.19037 40 15
707.74567 165.0875 893.1875 40 15
735.285 139.4347 939.05853 40 15
761.82043 109.63777 988.16864 40 15
787.7123 74.69345 1041.357 40 15
812.3364 33.310146 1100.2238 40 15
-59.2297 -106.57084 1828.2262 41 16
-68.528465 -124.90073 2075.9795 41 16
-77.683044 -143.3737 2323.5725 41 16
-3.5080953 -118.584236 -192.29854 42 17
-2.8295014 -139.23532 -179.7041 42 17
-2.0122657 -160.0961 -167.21811 42 17
-1.0644865 -180.46747 -154.73878 42 17
0.023128051 -201.0886 -142.0839 42 17
1.2475673 -221.68748 -129.6727 42 17
2.6120825 -241.99234 -116.897064 42 17
4.1101165 -262.69266 -104.41676 42 17
5.747095 -283.2361 -91.9107 42 17
7.521841 -303.7544 -79.52261 42 17
9.434344 -324.25513 -66.80423 42 17
11.477705 -344.94833 -54.405983 42 17
13.66265 -365.48007 -41.697342 42 17
15.996477 -385.7189 -29.065094 42 17
18.446548 -406.45724 -16.62321 42 17
21.045393 -426.9125 -4.1663504 42 17
23.784061 -447.3122 8.742065 42 17
26.65142 -467.85962 21.136381 42 17
29.660494 -488.3097 33.706238 42 17
32.822403 -508.50424 46.35459 42 17
36.09457 -529.10583 58.956734 42 17
39.534744 -549.24585 71.45335 42 17
43.075134 -569.8853 84.05854 42 17
46.781895 -590.1175 96.77027 42 17
50.612534 -610.50574 109.43928 42 17
54.58531 -630.8164 121.991806 42 17
58.696854 -651.09344 134.3813 42 17
62.963306 -671.1656 147.23082 42 17
67.3362 -691.55054 159.80322 42 17
71.844025 -711.9297 172.37674 42 17
76.512085 -732.0588 185.04109 42 17
81.344154 -751.9248 197.58873 42 17
86.25896 -772.27795 210.31856 42 17
91.33205 -792.41455 222.9057 42 17
96.53346 -812.6033 235.78035 42 17
-105.21425 -97.566925 -263.20047 43 18
-119.533035 -112.37163 -274.29044 43 18
-133.71 -127.30702 -285.14105 43 18
-147.58282 -142.53255 -296.02225 43 18
-161.52368 -157.6924 -307.0009 43 18
-175.3972 -172.91484 -317.85977 43 18
-189.04726 -188.35442 -329.0351 43 18
-202.7715 -203.71594 -339.57593 43 18
-216.64622 -218.91786 -350.6165 43 18
-230.11214 -234.5243 -361.46814 43 18
-243.55873 -250.14264 -372.5737 43 18
-256.96786 -265.78976 -383.69885 43 18
-270.3183 -281.48636 -394.29944 43 18
-283.55026 -297.2942 -405.36557 43 18
-296.6287 -313.25055 -416.27975 43 18
-309.78067 -329.11523 -427.17392 43 18
-322.79404 -345.11142 -438.07706 43 18
-335.77655 -361.1238 -449.06702 43 18
-348.58664 -377.30414 -460.1005 43 18
-361.4847 -393.37024 -470.95328 43 18
-374.2312 -409.5806 -481.8909 43 18
-386.8255 -425.93674 -492.843 43 18
-399.23566 -442.4749 -503.71643 43 18
-411.71252 -458.91696 -514.84875 43 18
-424.22015 -475.29984 -525.4661 43 18
-436.32983 -492.10403 -536.49866 43 18
-448.68097 -508.6103 -547.66284 43 18
-460.85345 -525.2907 -558.5167 43 18
-472.81012 -542.1892 -569.38947 43 18
-484.8572 -558.9547 -580.39734 43 18
-496.80298 -575.80566 -591.5993 43 18
-508.65045 -592.7383 -602.42554 43 18
-520.3201 -609.8454 -613.39856 43 18
-531.9008 -627.0238 -624.4676 43 18
-543.5446 -644.0925 -635.3033 43 18
-55.601177 -129.20901 287.64612 44 18
-61.239746 -149.2318 356.30002 44 18
-66.591896 -169.11124 424.80576 44 18
-71.55615 -189.06664 493.50345 44 18
-76.04945 -209.30849 561.8744 44 18
-80.139786 -229.64978 630.6222 44 18
-83.83214 -250.05994 699.3971 44 18
-87.101814 -270.5966 768.4837 44 18
-89.97142 -291.17502 837.55554 44 18
-92.4312 -311.8061 906.58386 44 18
-94.414635 -332.70383 976.0128 44 18
-95.973175 -353.6873 1045.1478 44 18
-97.217354 -374.31464 1114.7573 44 18
-97.89399 -395.5291 1184.2542 44 18
-98.21533 -416.491 1254.1737 44 18
-98.064804 -437.6524 1324.1031 44 18
-97.49513 -458.76935 1394.0958 44 18
-96.48204 -479.92593 1464.5013 44 18
-95.005226 -501.20715 1534.9656 44 18
-93.12431 -522.2726 1605.6671 44 18
-90.74472 -543.61456 1676.4974 44 18
-87.947014 -564.7449 1747.4117 44 18
-84.63086 -586.2772 1818.6426 44 18
-80.92282 -607.3308 1890.3933 44 18
-76.718445 -628.59656 1961.9902 44 18
-72.05757 -649.7451 2033.8717 44 18
-66.91258 -670.97845 2106.2734 44 18
-61.29176 -692.1981 2179.07 44 18
-55.224945 -712.9737 2251.746 44 18
-48.62952 -734.2862 2324.8503 44 18
-147.76634 -4.805822 -143.10252 45 18
-168.32213 -6.599097 -136.78833 45 18
-188.90504 -8.4991 -130.55362 45 18
-209.31113 -10.515571 -124.12346 45 18
-229.66443 -12.644152 -117.80102 45 18
-250.25204 -14.868224 -111.4555 45 18
-270.7059 -17.207981 -105.081856 45 18
-291.21948 -19.651857 -98.65986 45 18
-311.79156 -22.199085 -92.19912 45 18
-332.0993 -24.87305 -85.86231 45 18
-352.62473 -27.638622 -79.59092 45 18
-372.8081 -30.539148 -73.26189 45 18
-393.3604 -33.517338 -66.74988 45 18
-413.75983 -36.615494 -60.651867 45 18
-434.10663 -39.825737 -54.01656 45 18
-454.38715 -43.149673 -47.771805 45 18
-474.75705 -46.572468 -41.409306 45 18
-495.17255 -50.097496 -35.005882 45 18
-515.3872 -53.74984 -28.634861 45 18
-535.59314 -57.510498 -22.588573 45 18
-555.9721 -61.359295 -16.073763 45 18
-576.3963 -65.308914 -9.519057 45 18
-596.46936 -69.404854 -3.2668724 45 18
-616.6374 -73.5968 3.2678626 45 18
-637.1755 -77.85001 9.478871 45 18
-657.17346 -82.27499 15.956815 45 18
-677.03613 -86.82435 22.241045 45 18
-697.5539 -91.395424 28.73083 45 18
-717.484 -96.14876 35.14671 45 18
-737.6034 -100.98286 41.39168 45 18
-757.8136 -105.90958 47.82305 45 18
-777.9027 -110.95809 54.090275 45 18
-798.0551 -116.10234 60.646664 45 18
-817.8536 -121.40346 66.948006 45 18
-838.01355 -126.755936 73.312164 45 18
68.584625 -118.1892 -153.3779 46 18
79.58531 -135.6172 -148.68915 46 18
90.83718 -152.73628 -143.8912 46 18
101.98086 -170.15186 -138.81998 46 18
113.38176 -187.24878 -134.07446 46 18
124.8172 -204.39758 -129.17941 46 18
136.3662 -221.46582 -124.341064 46 18
147.94453 -238.58855 -119.41599 46 18
159.80168 -255.36299 -114.85606 46 18
171.71262 -272.15167 -109.76894 46 18
183.60742 -289.06168 -104.73401 46 18
195.67088 -305.799 -99.83392 46 18
207.98419 -322.2391 -95.129456 46 18
220.24579 -338.8501 -90.21915 46 18
232.57909 -355.43716 -85.39807 46 18
245.18718 -371.69016 -80.47144 46 18
257.74652 -388.101 -75.571106 46 18
270.35883 -404.51184 -70.80852 46 18
283.24805 -420.58737 -65.96042 46 18
296.1379 -436.73965 -61.00481 46 18
309.1334 -452.8108 -56.122173 46 18
322.17004 -468.89365 -51.392536 46 18
335.45972 -484.67947 -46.442554 46 18
348.76587 -500.5112 -41.566605 46 18
362.24213 -516.16644 -36.52248 46 18
375.79517 -531.77826 -31.870525 46 18
389.35464 -547.44403 -26.951906 46 18
403.09875 -562.91125 -21.766342 46 18
416.99265 -578.2297 -16.982534 46 18
430.85507 -593.6495 -12.10134 46 18
444.79654 -609.0149 -7.29213 46 18
458.97607 -624.1082 -2.2379308 46 18
473.19955 -639.1944 2.4549122 46 18
487.57928 -654.1204 7.528223 46 18
502.0014 -669.03864 12.138666 46 18
128.79375 -51.73078 11.762815 47 19
147.83359 -59.57597 23.435974 47 19
166.86938 -67.50856 35.12343 47 19
185.68881 -75.61434 46.655636 47 19
204.53178 -83.79605 57.990692 47 19
223.58064 -91.97795 69.86633 47 19
242.4803 -100.3048 81.46196 47 19
261.09604 -108.83315 93.0698 47 19
280.02533 -117.3142 104.80923 47 19
298.61697 -126.01941 116.34465 47 19
317.4022 -134.72528 128.03395 47 19
335.74136 -143.70294 139.56087 47 19
354.4977 -152.58395 151.34047 47 19
373.04425 -161.63564 163.03326 47 19
391.4713 -170.81972 174.45335 47 19
409.94763 -180.06238 186.08281 47 19
428.3553 -189.41452 197.80971 47 19
446.61484 -198.91145 209.56653 47 19
464.75073 -208.54276 221.21893 47 19
483.11932 -218.14787 232.83307 47 19
501.3288 -227.902 244.47734 47 19
519.457 -237.77017 256.13913 47 19
537.5075 -247.7507 267.67712 47 19
555.2995 -257.92737 279.5152 47 19
573.4234 -268.02603 291.15906 47 19
591.5294 -278.20718 302.88068 47 19
609.36 -288.59213 314.43057 47 19
627.18884 -299.05212 326.17242 47 19
645.0709 -309.56 337.8618 47 19
662.8442 -320.19266 349.5678 47 19
680.4141 -330.99625 361.16278 47 19
697.71277 -342.00522 372.8777 47 19
715.42847 -352.88187 384.52158 47 19
733.04266 -363.87863 396.11987 47 19
750.47424 -375.0361 407.9321 47 19
-123.375496 83.93536 138.39124 48 19
-139.60623 96.524376 168.13055 48 19
-156.01263 109.05831 197.82751 48 19
-172.12502 121.86138 227.37659 48 19
-188.1274 134.80539 257.10437 48 19
-204.10217 147.82962 286.78384 48 19
-220.0355 160.9412 316.61923 48 19
-235.6875 174.31476 346.38333 48 19
-251.49051 187.63037 376.15042 48 19
-267.02594 201.19658 405.9177 48 19
-282.53946 214.82874 435.67722 48 19
-297.89056 228.63167 465.3249 48 19
-312.97314 242.68752 495.30777 48 19
-328.10785 256.74756 525.06714 48 19
-343.15802 270.915 554.57776 48 19
-357.98474 285.29858 584.5472 48 19
-372.63513 299.86157 614.3536 48 19
-387.45062 314.32712 644.2169 48 19
-402.00616 329.03564 674.07825 48 19
-416.45758 343.8604 703.77905 48 19
-430.8786 358.73843 733.91187 48 19
-445.1288 373.7844 763.71045 48 19
-459.1984 389.00647 793.4431 48 19
-473.03604 404.44855 823.4078 48 19
-486.99246 419.8094 853.2255 48 19
-500.64404 435.4507 883.2212 48 19
-514.2824 451.1194 913.3617 48 19
-527.7086 466.98764 943.2846 48 19
-541.2097 482.7999 972.9833 48 19
-554.3718 498.9227 1003.32544 48 19
-567.5013 515.08154 1033.383 48 19
-580.3556 531.4948 1063.2114 48 19
-593.2301 547.89185 1093.5157 48 19
-606.01184 564.37286 1123.4513 48 19
-618.6812 580.95404 1153.4117 48 19
138.50569 4.0614085 -77.315 49 19
159.06331 4.0463753 -78.74234 49 19
179.7533 3.8925695 -79.55926 49 19
200.23967 3.6074467 -80.58784 49 19
220.75943 3.185327 -81.861694 49 19
241.5345 2.6241326 -82.73764 49 19
262.02982 1.9304668 -83.9174 49 19
282.73596 1.0994675 -85.221085 49 19
303.2967 0.13347004 -86.16713 49 19
324.04587 -0.9680327 -87.273186 49 19
344.3597 -2.2070973 -88.23987 49 19
365.0143 -3.5805452 -89.6003 49 19
385.63138 -5.089869 -90.43024 49 19
406.17697 -6.7359805 -91.761185 49 19
426.8508 -8.515574 -92.65974 49 19
447.34647 -10.434452 -93.731224 49 19
467.9299 -12.487252 -95.00957 49 19
488.4637 -14.67715 -96.10887 49 19
508.90714 -17.005928 -97.242874 49 19
529.27344 -19.47392 -98.429306 49 19
549.82434 -22.071304 -99.24276 49 19
570.3818 -24.80386 -100.6025 49 19
590.6692 -27.684355 -101.552795 49 19
611.19714 -30.689758 -102.65504 49 19
631.77563 -33.82769 -103.71952 49 19
652.06287 -37.11695 -104.7076 49 19
672.6599 -40.524094 -105.86036 49 19
693.00476 -44.081593 -106.89868 49 19
713.40204 -47.77142 -108.0129 49 19
733.8423 -51.593533 -109.332436 49 19
754.13855 -55.561077 -110.23474 49 19
774.35535 -59.67034 -111.54241 49 19
794.74335 -63.90176 -112.36692 49 19
815.07367 -68.27256 -113.6456 49 19
835.4255 -72.77621 -114.59076 49 19
-147.16447 28.793385 144.37756 50 19
-167.10077 33.864468 174.84404 50 19
-187.11436 39.157906 205.53728 50 19
-207.05118 44.70335 236.00664 50 19
-226.69931 50.547478 266.90112 50 19
-246.44855 56.6044 297.2939 50 19
-266.05197 62.92818 327.9848 50 19
-285.8241 69.44296 358.88235 50 19
-305.26282 76.26842 389.57675 50 19
-324.74628 83.311745 419.91324 50 19
-344.1833 90.59355 450.83447 50 19
-363.2733 98.193375 481.6367 50 19
-382.71344 105.92246 512.40497 50 19
-401.44806 114.07057 542.9752 50 19
-420.71323 122.28999 573.75995 50 19
-439.69873 130.80801 604.8682 50 19
-458.3874 139.63261 635.61127 50 19
-477.16263 148.6475 666.4858 50 19
-495.74966 157.93521 697.1489 50 19
-514.4679 167.39249 728.20654 50 19
-533.1014 177.08504 759.51544 50 19
-551.4173 187.09024 790.372 50 19
-569.5862 197.35226 821.2812 50 19
-587.81903 207.79599 852.3041 50 19
-605.7128 218.56181 883.5808 50 19
-623.48914 229.57167 914.5402 50 19
-641.492 240.69518 945.8445 50 19
-659.1306 252.1494 977.10706 50 19
-676.68256 263.83005 1008.5012 50 19
-694.0293 275.78192 1040.0505 50 19
-711.4455 287.89407 1071.2444 50 19
-728.47516 300.34863 1102.7041 50 19
-745.4031 313.03015 1134.1835 50 19
-762.28845 325.91104 1165.5785 50 19
-779.0912 339.00497 1197.359 50 19
-53.89025 121.085175 -220.36848 51 20
-64.000374 138.947 -233.7913 51 20
-73.86979 157.08844 -247.31367 51 20
-83.646225 175.18692 -260.66357 51 20
-93.24088 193.42952 -274.13693 51 20
-102.59612 211.93135 -287.6768 51 20
-111.93059 230.239 -301.00906 51 20
-121.02352 248.80577 -314.39856 51 20
-130.10591 267.1545 -327.83325 51 20
-138.80688 286.0451 -341.35675 51 20
-147.5674 304.56818 -354.65564 51 20
-156.06773 323.3797 -368.23254 51 20
-164.37016 342.35004 -381.4997 51 20
-172.53468 361.35272 -395.3176 51 20
-180.5929 380.3182 -408.70728 51 20
-188.47887 399.3818 -422.1834 51 20
-196.09389 418.75226 -435.4434 51 20
-203.68729 437.89624 -449.08975 51 20
-211.05077 457.25595 -462.4604 51 20
-218.30777 476.5628 -476.21536 51 20
-225.25795 496.25247 -489.37137 51 20
-232.14122 515.7977 -502.96045 51 20
-238.96068 535.1837 -516.6104 51 20
-245.37846 555.16565 -530.0629 51 20
-251.83987 574.7395 -543.62695 51 20
-258.09232 594.4713 -557.27167 51 20
-264.08698 614.4748 -570.6568 51 20
-269.98276 634.38025 -584.07947 51 20
-275.70477 654.35803 -597.68414 51 20
-281.21054 674.5077 -611.1502 51 20
-286.55762 694.6907 -624.94946 51 20
-291.78146 714.8165 -638.68646 51 20
-296.761 735.17896 -652.1681 51 20
-301.61993 755.47107 -665.7184 51 20
-306.33194 775.7528 -679.19464 51 20
-104.66572 65.83493 -119.03069 52 20
-123.4687 74.48663 -116.80805 52 20
-142.12419 83.16042 -114.35311 52 20
-160.82877 91.73309 -112.39566 52 20
-179.58003 100.20599 -110.25726 52 20
-198.36758 108.58462 -107.73127 52 20
-217.2344 116.8453 -105.750496 52 20
-236.05965 125.052574 -103.46591 52 20
-255.06676 133.08752 -101.153725 52 20
-274.29205 140.93414 -99.20309 52 20
-293.2104 148.86205 -96.739944 52 20
-312.26044 156.64406 -94.45696 52 20
-331.52792 164.23894 -92.225395 52 20
-350.77664 171.76503 -89.9253 52 20
-369.9559 179.24545 -87.58002 52 20
-389.10342 186.66 -85.70556 52 20
-408.40894 193.9171 -83.29348 52 20
-427.69116 201.10333 -81.227264 52 20
-447.09988 208.14766 -78.91468 52 20
-466.3755 215.17062 -76.624016 52 20
-486.024 221.93845 -74.3385 52 20
-505.43552 228.73099 -72.27167 52 20
-525.1024 235.32367 -69.88036 52 20
-544.8209 241.80927 -67.67797 52 20
-564.1971 248.36095 -65.56496 52 20
-583.82605 254.71419 -63.265728 52 20
-603.64746 260.89734 -60.937023 52 20
-623.2419 267.0914 -58.789352 52 20
-643.003 273.12592 -56.554768 52 20
-662.82446 279.04666 -54.25793 52 20
-682.86194 284.7887 -52.18887 52 20
-702.7839 290.49063 -49.75242 52 20
-722.6493 296.1263 -47.69976 52 20
-742.6736 301.60684 -45.31438 52 20
-762.5779 307.0455 -43.196167 52 20
23.621672 -146.28436 -623.26263 53 21
27.451702 -166.63033 -676.0323 53 21
31.53041 -186.7552 -728.998 53 21
35.79077 -207.05652 -781.8438 53 21
40.31421 -227.0565 -834.683 53 21
45.04258 -247.09117 -887.4741 53 21
49.968452 -267.1917 -940.4235 53 21
55.121048 -287.19464 -993.47144 53 21
60.498924 -307.1083 -1046.588 53 21
66.07937 -327.04544 -1099.5751 53 21
71.906975 -346.7826 -1152.5609 53 21
77.91918 -366.6224 -1205.3872 53 21
84.14041 -386.43872 -1258.6952 53 21
90.585396 -406.1605 -1311.8617 53 21
97.29225 -425.6207 -1364.9667 53 21
104.17373 -445.2038 -1418.0275 53 21
111.2772 -464.6967 -1471.3188 53 21
118.60833 -484.0754 -1524.4592 53 21
126.14736 -503.41953 -1577.7478 53 21
133.84908 -522.9009 -1631.2432 53 21
141.82094 -542.09296 -1684.3922 53 21
150.01788 -561.17554 -1737.8801 53 21
158.42357 -580.2082 -1791.3038 53 21
167.04826 -599.14996 -1845.029 53 21
175.84236 -618.17365 -1898.2284 53 21
184.88289 -637.00165 -1952.0936 53 21
194.12706 -655.7827 -2005.4772 53 21
203.59676 -674.43976 -2059.3965 53 21
213.26567 -693.058 -2112.9185 53 21
223.15242 -711.57275 -2167.1057 53 21
233.29272 -729.8706 -2220.8765 53 21
243.5989 -748.2253 -2274.7686 53 21
254.15172 -766.3826 -2328.6782 53 21
264.8519 -784.6395 -2382.8716 53 21
-143.81876 18.207697 -268.85718 54 21
-163.87143 24.750174 -272.3798 54 21
-183.21716 32.343052 -275.56454 54 21
-202.7182 40.841427 -279.37164 54 21
-221.78198 50.339294 -282.68622 54 21
-240.28172 60.869125 -286.3903 54 21
-258.75568 72.28664 -289.55783 54 21
-276.49695 84.76686 -293.21185 54 21
-293.75592 98.23644 -296.87952 54 21
-310.49646 112.69296 -300.59836 54 21
-326.7095 128.1213 -304.07748 54 21
-342.29404 144.53932 -307.88223 54 21
-357.0033 162.03549 -311.7617 54 21
-371.20203 180.42456 -315.4982 54 21
-384.657 199.7744 -319.28894 54 21
-396.93008 220.2863 -323.23813 54 21
-408.39673 241.73126 -327.09912 54 21
-418.9912 264.08862 -331.02084 54 21
-428.13275 287.67508 -335.46786 54 21
-436.28217 312.1403 -339.56827 54 21
-443.1529 337.59793 -343.9313 54 21
-448.54224 364.11557 -348.33127 54 21
-452.26334 391.75125 -352.82928 54 21
-454.35016 420.35464 -357.43234 54 21
-454.6304 449.91003 -362.41818 54 21
-452.5576 480.76013 -367.53934 54 21
-448.29578 512.49036 -372.68317 54 21
-441.22943 545.43854 -378.2838 54 21
-431.2163 579.3123 -383.83014 54 21
-417.50467 614.42303 -389.98132 54 21
-399.45963 650.7131 -396.65808 54 21
-376.1962 687.97876 -403.9375 54 21
-345.73578 726.9859 -412.02576 54 21
-305.67966 767.0881 -421.30142 54 21
-249.8028 808.84357 -432.69064 54 21
