x y z track_id event_id
-95.51972 -115.18186 -23.920235 0 0
-108.992424 -130.7882 -39.94258 0 0
-122.57494 -146.31139 -56.02205 0 0
-136.30118 -161.70847 -72.24795 0 0
-150.40445 -176.70338 -87.96822 0 0
-164.41656 -191.84653 -104.27296 0 0
-178.86285 -206.52217 -120.543304 0 0
-193.09233 -221.48329 -136.40605 0 0
-207.57059 -236.18848 -152.76765 0 0
-222.35252 -250.57709 -168.66455 0 0
-236.98569 -265.158 -184.67592 0 0
-252.01688 -279.31497 -200.79958 0 0
-267.07663 -293.45978 -217.31958 0 0
-282.26202 -307.48175 -233.23817 0 0
-297.56662 -321.38577 -249.40839 0 0
-313.01297 -335.1455 -265.59982 0 0
-328.64938 -348.70807 -281.75403 0 0
-344.33762 -362.21872 -297.82977 0 0
-360.22546 -375.51932 -314.11313 0 0
-376.05637 -388.8752 -330.40567 0 0
-392.13416 -401.9681 -346.6037 0 0
-408.5461 -414.71075 -362.84756 0 0
-424.80872 -427.59375 -379.05023 0 0
-441.31256 -440.21805 -395.05893 0 0
-457.93268 -452.70853 -411.56088 0 0
-474.59106 -465.13962 -427.71625 0 0
-491.48813 -477.31253 -443.77203 0 0
-508.46234 -489.38397 -460.26935 0 0
-525.4992 -501.36478 -476.35364 0 0
-542.75775 -513.10126 -492.71686 0 0
-560.11865 -524.70593 -508.97534 0 0
-577.523 -536.23126 -525.32074 0 0
-595.04395 -547.60626 -541.59564 0 0
-612.7444 -558.77167 -558.02057 0 0
-630.6236 -569.7278 -574.4634 0 0
11.288182 143.66187 -2.967272 1 0
13.837047 164.06306 -16.166151 1 0
16.497465 184.48918 -29.322311 1 0
19.267227 204.95651 -42.40291 1 0
22.159838 225.31972 -55.460907 1 0
25.177132 245.57108 -68.71179 1 0
28.271538 266.16742 -81.962975 1 0
31.519667 286.37488 -95.02841 1 0
34.87054 306.67722 -108.00904 1 0
38.3387 326.93927 -121.382805 1 0
41.89234 347.4257 -134.33928 1 0
45.610252 367.48074 -147.68391 1 0
49.441708 387.5345 -160.62892 1 0
53.314075 408.14047 -173.8316 1 0
57.351025 428.3328 -187.13792 1 0
61.525623 448.33505 -200.27011 1 0
65.764305 468.68237 -213.39163 1 0
70.13248 488.89383 -226.55818 1 0
74.64401 508.88156 -239.64218 1 0
79.24114 529.04333 -252.95561 1 0
83.939514 549.26404 -266.0457 1 0
88.77967 569.278 -279.40042 1 0
93.69102 589.53937 -292.48517 1 0
98.76535 609.4656 -305.64426 1 0
103.969696 629.27295 -318.78885 1 0
109.26205 649.21564 -332.02997 1 0
114.631775 669.3463 -345.1511 1 0
120.159515 689.1907 -358.40585 1 0
125.78054 709.1262 -371.77695 1 0
131.51582 729.03015 -384.84314 1 0
137.36603 748.89844 -397.983 1 0
143.3481 768.6398 -411.06775 1 0
149.40767 788.5452 -424.4574 1 0
155.58627 808.3893 -437.76657 1 0
161.9339 827.91705 -450.87634 1 0
139.95624 25.971943 116.02096 2 0
160.1742 30.651861 119.476036 2 0
180.01997 35.592285 123.16927 2 0
200.05743 40.683735 126.5301 2 0
220.16615 45.946774 130.30241 2 0
239.73293 51.51058 133.90765 2 0
259.46808 57.226357 137.2416 2 0
279.34833 63.095173 141.23187 2 0
299.03177 69.1923 144.68585 2 0
318.77493 75.45881 148.25414 2 0
338.38574 81.93874 151.87384 2 0
357.82388 88.64277 155.4522 2 0
377.28113 95.523636 159.25409 2 0
396.8379 102.558685 162.78252 2 0
416.18408 109.82651 166.47406 2 0
435.67914 117.232124 170.00801 2 0
454.84412 124.90298 173.83858 2 0
473.97067 132.76105 177.3384 2 0
493.00504 140.8206 180.9486 2 0
512.24005 148.99615 184.78482 2 0
531.23615 157.41287 188.18828 2 0
550.152 166.02496 191.7459 2 0
568.8192 174.88356 195.4804 2 0
587.69946 183.84644 199.2203 2 0
606.4616 193.01352 202.87584 2 0
624.9575 202.43271 206.35732 2 0
643.52435 211.99533 210.1006 2 0
661.977 221.76013 213.77588 2 0
680.32306 231.72426 217.41327 2 0
698.52356 241.90085 221.17798 2 0
716.78625 252.21701 224.76631 2 0
734.8417 262.76578 228.4567 2 0
752.8949 273.4739 231.95894 2 0
770.84644 284.37573 235.95375 2 0
788.92914 295.38336 239.33858 2 0
-45.060646 -141.68182 492.43643 3 0
-50.40537 -161.68561 549.28064 3 0
-55.6239 -181.75984 605.93756 3 0
-60.771553 -201.72144 662.67773 3 0
-65.84224 -221.5828 719.304 3 0
-70.77379 -241.54927 776.1388 3 0
-75.57226 -261.60226 832.70526 3 0
-80.28234 -281.58618 889.4137 3 0
-84.82952 -301.76093 946.322 3 0
-89.27855 -321.89865 1003.0342 3 0
-93.65151 -341.91486 1059.6682 3 0
-97.85486 -362.1487 1116.4197 3 0
-101.96088 -382.33557 1173.2549 3 0
-105.89759 -402.74496 1230.0356 3 0
-109.79197 -422.89447 1286.8263 3 0
-113.56826 -443.06714 1343.6906 3 0
-117.15148 -463.5583 1400.4293 3 0
-120.703064 -483.7315 1457.1523 3 0
-124.06049 -504.232 1513.9447 3 0
-127.3837 -524.4123 1571.1171 3 0
-130.4957 -544.9959 1627.7484 3 0
-133.5614 -565.29944 1684.5063 3 0
-136.45181 -585.8626 1741.3354 3 0
-139.23979 -606.3771 1798.5402 3 0
-141.916 -626.8798 1855.2015 3 0
-144.47185 -647.4067 1912.0365 3 0
-146.94276 -667.7955 1969.123 3 0
-149.22774 -688.50385 2026.1427 3 0
-151.39491 -709.22485 2083.1406 3 0
-153.53217 -729.5393 2140.0261 3 0
-155.48088 -750.1917 2197.0295 3 0
-157.30885 -770.86346 2254.1553 3 0
-159.00449 -791.61096 2311.168 3 0
-160.60103 -812.2675 2368.0796 3 0
-103.4411 -85.79614 353.75287 4 1
-119.85785 -98.23888 381.06882 4 1
-136.15985 -110.83156 408.0427 4 1
-152.36223 -123.560356 435.40314 4 1
-168.52878 -136.37224 462.7603 4 1
-184.45847 -149.4286 490.01785 4 1
-200.44809 -162.48752 517.0146 4 1
-216.01057 -175.9429 544.3051 4 1
-231.71547 -189.33086 571.4501 4 1
-247.20601 -202.94028 598.6509 4 1
-262.6478 -216.63441 626.02484 4 1
-278.24063 -230.2456 653.43616 4 1
-293.29025 -244.34705 680.5952 4 1
-308.39725 -258.44016 707.85156 4 1
-323.46512 -272.60233 735.1409 4 1
-338.298 -286.997 762.38556 4 1
-352.98477 -301.54883 789.802 4 1
-367.441 -316.3294 817.17914 4 1
-382.15952 -330.9125 844.3377 4 1
-396.54218 -345.8114 871.7896 4 1
-410.85672 -360.79333 899.18805 4 1
-424.84818 -376.08145 926.3846 4 1
-438.9078 -391.32925 953.79376 4 1
-452.83273 -406.71375 981.4358 4 1
-466.45816 -422.38272 1008.8101 4 1
-480.1009 -438.04932 1036.1182 4 1
-493.54962 -453.90317 1063.7755 4 1
-507.19583 -469.58157 1091.1262 4 1
-520.3397 -485.7291 1118.5856 4 1
-533.5346 -501.8317 1145.9626 4 1
-546.4666 -518.18146 1173.7697 4 1
-559.31476 -534.6085 1201.2596 4 1
-572.0332 -551.1544 1228.7786 4 1
-584.7445 -567.6983 1256.3716 4 1
-597.14166 -584.5362 1283.8744 4 1
95.28242 103.57302 95.363335 5 1
109.2614 118.77582 84.11492 5 1
123.47487 133.79555 72.969604 5 1
138.19522 148.32684 61.699184 5 1
153.15749 162.646 50.45151 5 1
168.66234 176.425 39.258503 5 1
184.15762 190.23363 27.95494 5 1
200.12619 203.55602 16.731169 5 1
216.36159 216.59619 5.580491 5 1
232.80533 229.3996 -5.937898 5 1
249.89941 241.52368 -17.159658 5 1
266.9572 253.62865 -28.497606 5 1
284.50436 265.1968 -40.01392 5 1
302.16418 276.57315 -51.240208 5 1
320.19614 287.5052 -62.830177 5 1
338.56586 298.0176 -74.05517 5 1
357.00198 308.3375 -85.637314 5 1
375.9274 318.08563 -97.12222 5 1
394.87854 327.64746 -108.6088 5 1
414.21173 336.7106 -120.21829 5 1
433.96915 345.23706 -132.1536 5 1
453.81055 353.4897 -143.40228 5 1
473.7207 361.4609 -155.39035 5 1
494.1477 368.79666 -167.11783 5 1
514.69354 375.79 -178.77159 5 1
535.5359 382.29718 -190.5267 5 1
556.7113 388.2846 -202.38821 5 1
577.87823 393.9787 -214.40208 5 1
599.4618 399.07394 -226.2202 5 1
621.07996 403.81638 -238.23524 5 1
642.93536 408.05728 -250.43417 5 1
664.9517 411.83325 -262.59692 5 1
687.24457 415.0605 -274.92014 5 1
709.73816 417.7748 -287.14804 5 1
732.4796 419.9371 -299.21457 5 1
-128.91566 -11.861824 219.17088 6 1
-149.47357 -11.441991 226.57727 6 1
-170.00748 -10.671197 233.85576 6 1
-190.63051 -9.5424185 241.01326 6 1
-211.41856 -8.055652 248.26985 6 1
-231.90672 -6.2286344 255.48117 6 1
-252.76208 -4.040544 262.67334 6 1
-272.9132 -1.5090272 270.02826 6 1
-293.63608 1.3815356 277.29486 6 1
-313.90747 4.6283774 284.637 6 1
-334.45206 8.226593 291.9911 6 1
-355.08667 12.173697 299.3073 6 1
-375.33502 16.487171 306.6171 6 1
-395.63586 21.153627 313.97806 6 1
-415.78943 26.182909 321.2832 6 1
-436.10638 31.555336 328.71796 6 1
-456.18536 37.297543 336.03635 6 1
-476.25787 43.393417 343.4109 6 1
-496.472 49.826393 350.7787 6 1
-516.59406 56.61606 358.0279 6 1
-536.3163 63.799366 365.58713 6 1
-556.06555 71.33026 372.84247 6 1
-575.74335 79.21893 380.61133 6 1
-595.30457 87.471176 387.75394 6 1
-614.87103 96.0682 395.4126 6 1
-634.3675 105.01911 402.90128 6 1
-653.4188 114.38808 410.5993 6 1
-672.6198 124.07432 417.9365 6 1
-691.7754 134.10754 425.25162 6 1
-710.40625 144.58247 433.04343 6 1
-729.243 155.35419 440.71533 6 1
-747.8299 166.51361 448.27936 6 1
-766.20917 178.05336 455.74713 6 1
-784.422 189.96445 463.4885 6 1
-802.8363 202.15372 471.2831 6 1
-98.687775 -44.192417 -177.66586 7 2
-118.8969 -48.511543 -188.40204 7 2
-139.06288 -52.7246 -198.97069 7 2
-159.16878 -56.83025 -209.265 7 2
-179.55942 -60.706257 -219.77545 7 2
-199.74464 -64.523 -230.78987 7 2
-220.0546 -68.16731 -241.03978 7 2
-240.27055 -71.70772 -251.69637 7 2
-260.75906 -75.03434 -262.18564 7 2
-281.01453 -78.29485 -272.73096 7 2
-301.53995 -81.34597 -283.18118 7 2
-321.78403 -84.33782 -293.75293 7 2
-342.1341 -87.16437 -304.50696 7 2
-362.70227 -89.7994 -315.0641 7 2
-383.0654 -92.348495 -325.34564 7 2
-403.74042 -94.685555 -336.20297 7 2
-424.2298 -96.92931 -346.67673 7 2
-444.73914 -99.029854 -357.089 7 2
-465.27142 -100.9862 -367.78528 7 2
-485.92374 -102.77753 -378.40317 7 2
-506.57623 -104.42983 -388.90295 7 2
-527.18915 -105.95045 -399.5562 7 2
-547.83417 -107.3241 -410.0116 7 2
-568.4629 -108.55992 -420.6833 7 2
-589.00836 -109.66958 -431.3735 7 2
-609.6909 -110.61135 -442.02536 7 2
-630.40137 -111.40597 -452.46088 7 2
-651.0326 -112.07172 -463.10632 7 2
-671.85187 -112.562256 -473.69275 7 2
-692.651 -112.91356 -484.28406 7 2
-713.37256 -113.133995 -494.8705 7 2
-734.1275 -113.204956 -505.3755 7 2
-754.83105 -113.13914 -516.37036 7 2
-775.57166 -112.92257 -527.0036 7 2
-796.4497 -112.54114 -537.3945 7 2
-26.9648 -128.94945 -233.59789 8 2
-35.404114 -147.61073 -253.50261 8 2
-43.87528 -166.50403 -273.2734 8 2
-52.461197 -185.27187 -292.80978 8 2
-61.205177 -203.78749 -312.8754 8 2
-69.991844 -222.44652 -332.6707 8 2
-78.90162 -240.97798 -352.59088 8 2
-87.88001 -259.55078 -372.22403 8 2
-96.96178 -278.0565 -391.94073 8 2
-106.196724 -296.35718 -412.255 8 2
-115.44253 -314.85153 -431.79135 8 2
-124.81332 -333.21808 -451.57797 8 2
-134.23175 -351.66373 -471.47998 8 2
-143.91666 -369.61835 -491.4018 8 2
-153.48781 -388.065 -511.10144 8 2
-163.31352 -406.06042 -530.94196 8 2
-173.06926 -424.41766 -550.61847 8 2
-183.06183 -442.377 -570.6526 8 2
-193.09201 -460.4271 -590.46716 8 2
-203.25314 -478.34192 -610.2922 8 2
-213.54608 -496.12198 -630.201 8 2
-223.81691 -514.123 -650.10516 8 2
-234.25641 -531.9017 -669.88837 8 2
-244.7694 -549.6767 -689.70233 8 2
-255.35405 -567.44995 -709.66064 8 2
-266.08102 -585.0638 -729.68475 8 2
-276.88474 -602.6635 -749.3435 8 2
-287.81436 -620.14124 -769.1578 8 2
-298.8207 -637.6033 -789.17804 8 2
-309.88095 -655.09595 -809.00696 8 2
-321.07272 -672.45374 -828.7488 8 2
-332.26056 -689.95935 -848.9413 8 2
-343.7128 -707.05444 -868.8217 8 2
-355.073 -724.4748 -888.7159 8 2
-366.60242 -741.6815 -908.7029 8 2
94.06181 -116.213615 49.525555 9 3
107.157 -132.12923 53.641575 9 3
120.569626 -147.71262 57.455093 9 3
133.86017 -163.50177 61.363136 9 3
147.44315 -178.98677 65.34819 9 3
161.10233 -194.43008 69.04235 9 3
174.97328 -209.66608 72.87336 9 3
188.84494 -224.94626 76.94131 9 3
202.96312 -239.97495 80.63093 9 3
217.27072 -254.82028 84.64443 9 3
231.45332 -269.84842 88.690895 9 3
245.92513 -284.57196 92.42705 9 3
260.57037 -299.12616 96.50887 9 3
275.3601 -313.54343 100.42367 9 3
290.27457 -327.84476 104.152534 9 3
305.2451 -342.10538 108.09615 9 3
320.293 -356.29788 111.95036 9 3
335.5296 -370.29648 115.73287 9 3
351.04114 -384.0067 119.93611 9 3
366.47382 -397.8149 123.90224 9 3
382.1597 -411.35645 127.84256 9 3
397.86652 -424.88098 131.55692 9 3
413.76047 -438.2082 135.44 9 3
429.65826 -451.5305 139.3723 9 3
445.9318 -464.45572 143.38869 9 3
462.22845 -477.3531 147.17857 9 3
478.38135 -490.38934 151.03049 9 3
495.00507 -502.93158 155.28519 9 3
511.49207 -515.59924 159.13454 9 3
528.3269 -527.8999 162.87471 9 3
545.2222 -540.12244 166.96057 9 3
562.173 -552.26874 171.07161 9 3
579.1948 -564.3203 174.91092 9 3
596.4901 -576.07886 178.77238 9 3
613.60785 -587.9785 182.76454 9 3
147.37831 8.707125 -88.57071 10 3
167.7575 9.8824625 -105.0943 10 3
188.50984 10.772721 -121.76051 10 3
209.33536 11.395919 -138.18082 10 3
229.69429 11.780124 -154.90634 10 3
250.5709 11.872962 -171.54256 10 3
271.07895 11.718291 -187.84703 10 3
291.66016 11.293621 -204.70615 10 3
312.38315 10.596977 -221.3598 10 3
332.8942 9.640138 -237.94409 10 3
353.69537 8.407436 -254.38663 10 3
374.49527 6.90838 -271.22223 10 3
394.95438 5.147048 -287.76685 10 3
415.50275 3.1142864 -304.6317 10 3
436.30206 0.8109879 -321.05853 10 3
456.8895 -1.760552 -337.85464 10 3
477.3778 -4.603023 -354.35883 10 3
498.14377 -7.7124104 -371.18497 10 3
518.7757 -11.092632 -387.989 10 3
539.2029 -14.747931 -404.7769 10 3
559.7264 -18.67183 -421.52057 10 3
580.3655 -22.861643 -438.15515 10 3
600.7829 -27.330353 -455.13092 10 3
620.9578 -32.082767 -471.93567 10 3
641.50104 -37.08768 -488.87143 10 3
661.6666 -42.38555 -505.62357 10 3
682.26355 -47.926052 -522.4652 10 3
702.4546 -53.76456 -539.3633 10 3
722.592 -59.87886 -556.4161 10 3
742.8026 -66.2579 -573.526 10 3
762.92175 -72.9152 -590.33795 10 3
782.84265 -79.86249 -607.46045 10 3
802.87036 -87.06953 -624.46027 10 3
822.7667 -94.56055 -641.5609 10 3
842.5142 -102.33909 -658.84314 10 3
80.78344 -125.31095 51.911217 11 3
92.15119 -142.53748 56.13961 11 3
103.84236 -159.44432 60.563454 11 3
115.55022 -176.49976 64.64272 11 3
127.63066 -193.15579 68.928604 11 3
139.83968 -209.78175 73.22863 11 3
152.25133 -226.26172 77.32271 11 3
164.84465 -242.6236 81.74716 11 3
177.55283 -258.96103 86.020096 11 3
190.66705 -274.84723 90.17532 11 3
203.8392 -290.78552 94.47049 11 3
217.0678 -306.76877 98.68229 11 3
230.74622 -322.23798 102.89543 11 3
244.32895 -337.95587 107.1139 11 3
258.2365 -353.3314 111.4072 11 3
272.43576 -368.41248 115.6886 11 3
286.85455 -383.29703 120.11858 11 3
301.18774 -398.387 124.26552 11 3
315.83627 -413.14282 128.55075 11 3
330.65945 -427.74924 132.79689 11 3
345.73422 -442.10422 137.21068 11 3
360.9923 -456.29398 141.54474 11 3
376.24185 -470.5554 145.78629 11 3
391.8151 -484.46658 150.23169 11 3
407.6794 -498.07037 154.47574 11 3
423.51303 -511.7572 158.69646 11 3
439.49142 -525.30566 163.14563 11 3
455.89932 -538.37506 167.30264 11 3
472.28757 -551.4971 171.46974 11 3
488.85626 -564.4298 175.8298 11 3
505.63672 -577.13464 180.30646 11 3
522.5469 -589.7026 184.66689 11 3
539.7571 -601.93884 188.85362 11 3
557.0092 -614.12994 193.4266 11 3
574.37164 -626.19336 197.62204 11 3
105.603966 94.10353 -5.484689 12 3
120.20881 108.61609 -9.790831 12 3
134.93352 123.01265 -13.903693 12 3
149.83206 137.24193 -18.084517 12 3
164.82655 151.37381 -22.484879 12 3
179.62871 165.67308 -26.711678 12 3
194.82489 179.59906 -30.954723 12 3
210.14531 193.39912 -35.089905 12 3
225.38895 207.25749 -39.539246 12 3
240.85054 220.90208 -43.604443 12 3
256.5261 234.33646 -47.912827 12 3
271.85696 248.07037 -52.232304 12 3
287.6913 261.32806 -56.42982 12 3
303.29 274.78195 -60.699905 12 3
319.147 287.9822 -64.99592 12 3
335.18097 301.0028 -69.18132 12 3
351.2739 313.94943 -73.436905 12 3
367.3314 326.90488 -77.65893 12 3
383.39166 339.8328 -81.828766 12 3
399.891 352.34674 -86.350784 12 3
416.3707 364.8527 -90.29267 12 3
432.7392 377.42813 -94.82511 12 3
449.23618 389.86157 -98.66534 12 3
465.89832 402.12103 -103.42621 12 3
482.72696 414.20566 -107.49802 12 3
499.62354 426.19974 -111.78079 12 3
516.50165 438.1756 -115.95364 12 3
533.6103 449.92072 -120.1522 12 3
550.46375 461.8438 -124.56208 12 3
567.5502 473.53198 -129.03377 12 3
584.979 484.89566 -133.1184 12 3
602.14954 496.43314 -137.38855 12 3
619.53595 507.74982 -141.60954 12 3
637.053 518.9163 -145.84613 12 3
654.62524 529.9936 -150.19307 12 3
-100.93193 -91.567566 7.8515034 13 3
-115.60854 -106.178665 5.6629176 13 3
-130.06818 -121.06708 3.2219236 13 3
-143.73293 -136.7517 1.0113331 13 3
-157.37733 -152.48123 -1.2195014 13 3
-170.20477 -168.99843 -3.477925 13 3
-182.68251 -185.83124 -5.8699102 13 3
-194.69081 -203.07349 -8.3235235 13 3
-206.10397 -220.83554 -10.438662 13 3
-217.1499 -238.85136 -12.884285 13 3
-227.55241 -257.3957 -15.228036 13 3
-237.38895 -276.36392 -17.503546 13 3
-246.83684 -295.52008 -19.844875 13 3
-255.63332 -315.143 -22.306293 13 3
-263.63022 -335.40085 -24.594728 13 3
-271.26596 -355.71417 -27.024075 13 3
-278.2987 -376.3496 -29.411242 13 3
-284.6544 -397.37518 -31.772413 13 3
-290.2353 -418.90244 -34.50387 13 3
-295.28458 -440.54987 -36.886345 13 3
-299.67197 -462.45917 -39.24213 13 3
-303.1823 -484.92844 -41.66937 13 3
-306.1465 -507.3947 -44.20053 13 3
-308.25803 -530.3062 -46.891945 13 3
-309.5677 -553.54224 -49.334423 13 3
-310.25238 -576.7284 -51.84533 13 3
-309.9798 -600.4134 -54.478424 13 3
-308.88507 -624.29614 -57.14023 13 3
-307.09708 -648.03394 -59.87549 13 3
-304.22836 -672.36005 -62.495964 13 3
-300.46118 -696.82965 -65.16249 13 3
-295.71744 -721.53937 -67.983086 13 3
-290.15677 -745.99384 -70.80084 13 3
-283.50143 -770.77014 -73.446236 13 3
-275.83478 -795.54175 -76.38328 13 3
75.66629 120.26527 124.73138 14 4
86.497574 137.75912 112.12926 14 4
97.16913 155.36932 99.44378 14 4
107.71607 173.03783 86.656364 14 4
118.093605 190.83461 74.22018 14 4
128.3496 208.6806 61.48293 14 4
138.36287 226.77173 48.942513 14 4
148.27829 244.87036 36.32569 14 4
158.02873 263.08456 23.64176 14 4
167.64395 281.36325 10.85976 14 4
177.18091 299.60776 -1.6318331 14 4
186.56525 317.94 -14.367489 14 4
195.81192 336.3324 -26.948235 14 4
204.75494 355.07028 -39.586723 14 4
213.69606 373.6308 -52.289017 14 4
222.33144 392.5413 -64.83938 14 4
230.97585 411.24658 -77.486496 14 4
239.39218 430.16302 -90.29883 14 4
247.71623 449.046 -103.00854 14 4
255.7948 468.1708 -115.57094 14 4
263.75778 487.30005 -128.20468 14 4
271.54416 506.54358 -140.94307 14 4
279.22952 525.75806 -153.7733 14 4
286.72342 545.11035 -166.34184 14 4
294.10083 564.4565 -179.1208 14 4
301.28137 583.9476 -191.78802 14 4
308.3052 603.5054 -204.48256 14 4
315.19388 623.0849 -217.37943 14 4
321.8675 642.8421 -230.09183 14 4
328.3914 662.64624 -242.7942 14 4
334.7847 682.4557 -255.52403 14 4
341.0932 702.1718 -268.27756 14 4
347.0521 722.3385 -281.0831 14 4
352.96384 742.3297 -293.87643 14 4
358.73764 762.32837 -306.63776 14 4
-136.19768 -62.708405 282.82297 15 4
-154.88646 -71.157936 292.64093 15 4
-173.69069 -79.48199 302.3732 15 4
-192.71187 -87.63446 312.13922 15 4
-211.55974 -95.79299 321.70966 15 4
-230.37161 -103.8939 331.88144 15 4
-249.53142 -111.76431 341.4934 15 4
-268.61185 -119.59657 351.377 15 4
-287.73923 -127.33351 360.9871 15 4
-306.8667 -134.99553 370.8395 15 4
-325.94052 -142.6055 380.84842 15 4
-345.28864 -150.01979 390.50128 15 4
-364.35294 -157.48119 400.34116 15 4
-383.61606 -164.77948 410.2234 15 4
-402.98132 -171.95695 420.12613 15 4
-422.31473 -179.07063 429.92618 15 4
-441.78888 -186.04697 439.48102 15 4
-461.1418 -192.99611 449.3578 15 4
-480.62784 -199.81075 459.05478 15 4
-500.2516 -206.48947 469.00574 15 4
-519.5404 -213.2267 478.69287 15 4
-539.0209 -219.80452 488.57462 15 4
-558.9683 -226.11247 498.53278 15 4
-578.49164 -232.51207 508.22833 15 4
-598.18896 -238.7604 517.9766 15 4
-617.7795 -244.96968 527.8718 15 4
-637.521 -251.03694 537.6794 15 4
-657.46246 -256.94373 547.484 15 4
-677.13434 -262.87335 557.49255 15 4
-697.1538 -268.5852 567.177 15 4
-716.9487 -274.30048 576.87854 15 4
-736.7729 -279.9204 586.7197 15 4
-756.81824 -285.37222 596.4708 15 4
-776.84064 -290.7486 606.5402 15 4
-796.59424 -296.14023 616.3764 15 4
-65.05481 -133.02763 314.7406 16 4
-74.44717 -151.40878 328.76038 16 4
-84.08533 -169.613 343.0778 16 4
-93.9801 -187.6171 357.44867 16 4
-104.02173 -205.63783 371.9002 16 4
-114.21169 -223.66533 386.25638 16 4
-124.65229 -241.49434 400.41904 16 4
-135.42053 -258.97693 414.76547 16 4
-146.20453 -276.70807 429.27335 16 4
-157.27501 -294.16556 443.49503 16 4
-168.58339 -311.4414 457.6016 16 4
-180.12527 -328.5426 472.1275 16 4
-191.7025 -345.82538 486.6484 16 4
-203.6296 -362.7151 500.88333 16 4
-215.642 -379.68375 515.45404 16 4
-227.93497 -396.38132 529.62225 16 4
-240.42525 -412.9527 544.083 16 4
-253.1474 -429.33588 558.7024 16 4
-265.94293 -445.79535 572.8395 16 4
-279.11285 -461.82196 587.44824 16 4
-292.3592 -477.91058 601.83344 16 4
-305.72003 -493.98917 616.3098 16 4
-319.3868 -509.74445 630.8604 16 4
-333.29587 -525.28015 645.2864 16 4
-347.37967 -540.70087 659.732 16 4
-361.60623 -556.0516 674.37067 16 4
-376.08237 -571.164 688.8811 16 4
-390.76852 -586.09753 703.48 16 4
-405.47845 -601.1261 718.0573 16 4
-420.5222 -615.78345 732.63666 16 4
-435.54163 -630.59235 747.3441 16 4
-451.04037 -644.81836 761.80096 16 4
-466.6151 -659.0432 776.6497 16 4
-482.3312 -673.1667 791.1402 16 4
-498.23123 -687.12463 805.9573 16 4
-119.857285 -89.40104 236.1781 17 4
-135.73111 -102.46604 239.2901 17 4
-151.96526 -115.30098 242.55357 17 4
-167.71878 -128.54132 245.81938 17 4
-183.33717 -141.9268 249.03125 17 4
-198.96394 -155.34546 251.99962 17 4
-214.49767 -168.8744 255.28162 17 4
-229.89462 -182.5476 258.44864 17 4
-245.42227 -196.15129 261.9612 17 4
-260.71228 -209.97726 264.96466 17 4
-275.83893 -223.96715 267.83813 17 4
-291.03787 -237.92871 271.19543 17 4
-305.96515 -252.14146 274.58295 17 4
-321.10034 -266.20996 277.65057 17 4
-335.74103 -280.71487 280.8368 17 4
-350.5118 -295.13687 284.08063 17 4
-365.25854 -309.60178 287.28857 17 4
-379.76816 -324.28934 290.43555 17 4
-394.24982 -339.02145 293.65683 17 4
-408.44904 -354.01633 296.90643 17 4
-422.78067 -368.91486 300.05246 17 4
-437.0838 -383.85318 303.41656 17 4
-451.07428 -399.08044 306.39706 17 4
-465.14017 -414.25418 309.5877 17 4
-479.1454 -429.49237 312.80594 17 4
-492.9124 -444.95358 316.16568 17 4
-506.63416 -460.46414 319.2648 17 4
-520.14276 -476.1758 322.35016 17 4
-533.7149 -491.8348 325.5269 17 4
-547.12585 -507.6456 328.85233 17 4
-560.4369 -523.5512 332.0773 17 4
-573.5116 -539.6789 335.18015 17 4
-586.62524 -555.76965 338.53867 17 4
-599.77704 -571.82056 341.71756 17 4
-612.5834 -588.19617 345.04984 17 4
40.485725 -139.14194 128.2458 18 4
46.373554 -158.77538 116.173775 18 4
52.080704 -178.61122 104.245995 18 4
57.688007 -198.37067 92.02614 18 4
63.10477 -218.36429 79.86126 18 4
68.384995 -238.4061 67.65577 18 4
73.62611 -258.15375 55.72563 18 4
78.70101 -278.04688 43.68435 18 4
83.55961 -298.26514 31.502998 18 4
88.4069 -318.07715 19.339802 18 4
93.02336 -338.26642 7.2070956 18 4
97.5169 -358.44543 -4.8996587 18 4
101.8971 -378.57568 -16.91623 18 4
106.15463 -398.68777 -29.194159 18 4
110.20578 -419.09653 -41.17082 18 4
114.14472 -439.44748 -53.541992 18 4
118.0138 -459.57098 -65.46983 18 4
121.6981 -479.9087 -77.42642 18 4
125.265045 -500.1967 -89.818695 18 4
128.70111 -520.4849 -101.83583 18 4
131.94963 -541.0028 -113.83742 18 4
135.08563 -561.4451 -126.39056 18 4
138.05083 -582.05145 -138.30765 18 4
140.97368 -602.2768 -150.4082 18 4
143.68076 -622.8537 -162.67278 18 4
146.25555 -643.4274 -174.67738 18 4
148.70114 -663.9812 -186.94984 18 4
150.99223 -684.62573 -199.0709 18 4
153.12648 -705.3733 -211.13658 18 4
155.17986 -725.87036 -223.3312 18 4
157.04079 -746.63214 -235.51384 18 4
158.77827 -767.3354 -247.93613 18 4
160.38492 -788.0105 -260.12933 18 4
161.86102 -808.65155 -272.49246 18 4
163.17189 -829.4302 -284.6666 18 4
103.30517 -2.1543975 235.35141 19 5
124.07068 -0.8330368 234.91472 19 5
144.58142 0.60820293 234.51247 19 5
165.01675 2.1749508 234.06465 19 5
185.34242 3.8692226 233.47192 19 5
205.97488 5.6812344 233.13242 19 5
226.46721 7.619835 232.73444 19 5
246.93468 9.682855 232.18579 19 5
267.57114 11.861884 231.67606 19 5
287.9677 14.174356 231.17053 19 5
308.52094 16.602177 230.97789 19 5
328.89783 19.16241 230.51015 19 5
349.34885 21.841501 230.00894 19 5
369.72192 24.648418 229.52396 19 5
390.37363 27.558706 228.95836 19 5
410.6199 30.619865 228.63138 19 5
431.00195 33.793964 228.01172 19 5
451.36356 37.09204 227.79909 19 5
471.70346 40.514202 227.16542 19 5
492.08917 44.054398 226.99715 19 5
512.3945 47.72364 226.41338 19 5
532.79724 51.50534 225.92725 19 5
553.16113 55.411877 225.51474 19 5
573.2937 59.463364 225.02785 19 5
593.46704 63.63278 224.57768 19 5
613.8029 67.90593 224.04816 19 5
634.0155 72.31348 223.86455 19 5
654.08954 76.85818 223.13194 19 5
674.33856 81.50325 222.80025 19 5
694.5849 86.268684 222.40839 19 5
714.64825 91.177216 221.92117 19 5
734.5122 96.23251 221.38016 19 5
754.72406 101.36275 221.21269 19 5
774.70483 106.64378 220.55647 19 5
794.7978 112.029205 220.05798 19 5
100.79031 18.994083 -240.07617 20 5
120.90623 23.969255 -318.1405 20 5
140.70062 29.187029 -396.28558 20 5
160.38065 34.608955 -474.4334 20 5
180.31906 40.152588 -552.59247 20 5
200.26822 45.867756 -630.62506 20 5
219.86418 51.83868 -708.9039 20 5
239.52797 57.968624 -787.01855 20 5
259.0389 64.30951 -865.2001 20 5
278.74332 70.77459 -943.6408 20 5
298.3629 77.4312 -1021.6431 20 5
317.79324 84.30698 -1100.0106 20 5
337.16003 91.36952 -1178.3151 20 5
356.409 98.63329 -1256.667 20 5
375.82437 106.01846 -1335.1067 20 5
395.09738 113.60943 -1413.5626 20 5
414.46417 121.33768 -1491.9806 20 5
433.27432 129.39412 -1570.4884 20 5
452.3594 137.53342 -1648.9701 20 5
471.31094 145.87567 -1727.5054 20 5
490.25885 154.38037 -1806.1519 20 5
509.01926 163.10469 -1884.7949 20 5
528.04584 171.90204 -1963.3087 20 5
546.5651 181.02235 -2042.3302 20 5
565.02594 190.32089 -2121.3826 20 5
583.761 199.68294 -2199.9546 20 5
602.10583 209.33286 -2278.886 20 5
620.5805 219.09149 -2357.7808 20 5
92.19549 44.51708 344.44336 21 5
111.21804 52.578785 361.822 21 5
130.26175 60.545532 379.33057 21 5
148.94772 68.58998 396.76422 21 5
168.15839 76.304565 414.0748 21 5
187.28464 83.969826 431.76407 21 5
206.53683 91.49005 449.15045 21 5
225.78459 98.92307 466.34497 21 5
245.13573 106.22095 483.9469 21 5
264.20593 113.54909 501.28848 21 5
283.4734 120.69955 518.4693 21 5
302.88937 127.694405 535.9986 21 5
322.4543 134.53433 553.5993 21 5
341.931 141.31822 570.8359 21 5
361.3577 148.02841 588.42566 21 5
380.9896 154.55997 605.61774 21 5
400.6646 160.97943 623.1862 21 5
420.1669 167.3724 640.3924 21 5
439.71875 173.6484 658.08563 21 5
459.5397 179.72131 675.625 21 5
479.33075 185.70903 692.7388 21 5
499.20795 191.56587 710.2084 21 5
518.89777 197.39595 727.8867 21 5
538.77997 203.0534 745.22766 21 5
558.7276 208.58684 762.52136 21 5
578.4955 214.08684 780.07556 21 5
598.75055 219.3064 797.49994 21 5
618.5537 224.5906 814.9898 21 5
638.68097 229.65509 832.4404 21 5
658.64935 234.67441 850.10187 21 5
678.8701 239.5011 867.3329 21 5
699.1525 244.20361 884.9129 21 5
719.19543 248.88611 902.4365 21 5
739.4135 253.40326 919.9945 21 5
759.68713 257.79678 937.3731 21 5
-144.07088 -41.445232 139.33455 22 5
-164.22733 -46.21825 122.96281 22 5
-184.24854 -50.83998 107.07933 22 5
-204.5492 -55.194244 90.65866 22 5
-224.62402 -59.417744 74.635735 22 5
-245.01323 -63.36502 58.614445 22 5
-265.02136 -67.215965 42.214962 22 5
-285.48373 -70.75546 26.215305 22 5
-305.85928 -74.12064 10.055136 22 5
-326.19345 -77.29774 -6.1463485 22 5
-346.66003 -80.24431 -22.47955 22 5
-367.13947 -82.98806 -38.523678 22 5
-387.4979 -85.55729 -54.77068 22 5
-408.2236 -87.843506 -71.05659 22 5
-428.7527 -89.969604 -87.27627 22 5
-449.36057 -91.87474 -103.28861 22 5
-470.14276 -93.539856 -119.59351 22 5
-490.56415 -95.070114 -135.78317 22 5
-511.539 -96.286255 -152.24869 22 5
-532.1276 -97.36792 -168.26442 22 5
-552.89514 -98.207306 -184.71007 22 5
-573.6246 -98.84352 -201.00307 22 5
-594.36365 -99.26687 -217.37587 22 5
-615.25946 -99.45259 -233.55045 22 5
-636.0362 -99.4453 -249.96707 22 5
-656.69446 -99.24192 -266.27594 22 5
-677.65234 -98.77869 -282.66623 22 5
-698.68774 -98.09055 -299.0956 22 5
-719.54584 -97.21228 -315.3302 22 5
-740.26544 -96.13507 -331.60474 22 5
-761.21344 -94.810196 -348.15338 22 5
-782.07465 -93.27801 -364.59808 22 5
-803.00366 -91.51871 -380.96692 22 5
-824.2393 -89.506645 -397.4241 22 5
-844.7941 -87.348015 -413.86298 22 5
-20.919018 118.591705 164.79799 23 5
-21.028992 139.07893 152.94116 23 5
-21.233795 159.61974 140.95047 23 5
-21.506252 180.47208 129.1036 23 5
-21.950006 200.77652 116.79555 23 5
-22.456413 221.45871 105.232735 23 5
-23.066189 242.1798 93.07862 23 5
-23.780005 262.93338 81.08397 23 5
-24.636814 283.2704 69.09978 23 5
-25.569002 303.94785 57.16497 23 5
-26.633469 324.30505 45.214165 23 5
-27.76228 345.16528 33.459652 23 5
-29.031227 365.59863 21.150072 23 5
-30.394566 386.17038 9.127918 23 5
-31.866589 406.70163 -2.7125378 23 5
-33.44589 427.21002 -14.563857 23 5
-35.112694 447.94775 -26.525164 23 5
-36.908318 468.38736 -38.618587 23 5
-38.787342 489.10565 -50.480206 23 5
-40.798504 509.48685 -62.755203 23 5
-42.91117 529.91876 -74.57884 23 5
-45.117233 550.4986 -86.266464 23 5
-47.44938 570.82684 -98.372856 23 5
-49.87345 591.3188 -110.575874 23 5
-52.398823 611.85724 -122.6214 23 5
-55.035774 632.3212 -134.54117 23 5
-57.76974 652.8782 -146.47163 23 5
-60.60434 673.4824 -158.31067 23 5
-63.551125 694.0043 -170.65468 23 5
-66.622314 714.3161 -182.40585 23 5
-69.78393 734.786 -194.73367 23 5
-73.03396 755.4255 -206.40508 23 5
-76.42723 775.6679 -218.45738 23 5
-79.91673 796.002 -230.57074 23 5
-83.51052 816.34344 -242.64087 23 5
42.099304 120.93615 256.02512 24 6
51.23983 139.32309 254.33232 24 6
60.15517 157.90157 253.00659 24 6
68.83949 176.67317 251.47641 24 6
77.370155 195.43459 250.07634 24 6
85.72037 214.25398 248.59178 24 6
93.78465 233.39027 246.98053 24 6
101.80304 252.24283 245.53232 24 6
109.578804 271.29694 244.22406 24 6
117.12217 290.52298 242.62321 24 6
124.468155 309.83054 241.1135 24 6
131.6414 329.15424 239.76813 24 6
138.48221 348.8913 238.10124 24 6
145.2441 368.40198 236.71323 24 6
151.82518 387.93622 235.46059 24 6
158.15366 407.67383 233.68216 24 6
164.25665 427.5436 232.32385 24 6
170.16786 447.455 230.9354 24 6
175.90369 467.3595 229.24937 24 6
181.40013 487.42242 227.75351 24 6
186.75977 507.3641 226.17525 24 6
191.83054 527.5917 224.97002 24 6
196.70108 547.86237 223.26106 24 6
201.36382 568.1925 221.88979 24 6
205.8379 588.5229 220.30554 24 6
210.13898 608.80145 218.81525 24 6
214.16524 629.31824 217.29109 24 6
217.96066 649.94525 215.91586 24 6
221.58868 670.4886 214.30104 24 6
224.93837 691.2781 212.78381 24 6
228.15956 711.8505 211.25137 24 6
231.07693 732.74414 209.75381 24 6
233.84952 753.4549 208.11967 24 6
236.31682 774.4921 206.7867 24 6
238.58284 795.5186 205.26003 24 6
-130.45929 -59.209118 145.61623 25 6
-148.25845 -69.494896 126.584335 25 6
-166.30713 -79.59976 107.38002 25 6
-184.10083 -89.76416 88.57586 25 6
-201.99867 -99.81673 69.60546 25 6
-220.1116 -109.70027 50.557983 25 6
-238.2429 -119.51109 31.471334 25 6
-256.4499 -129.22035 12.417189 25 6
-274.4425 -138.97437 -6.7318726 25 6
-292.8243 -148.46773 -25.97096 25 6
-311.0775 -157.962 -44.760654 25 6
-329.2752 -167.41998 -63.91414 25 6
-347.92883 -176.58153 -82.91427 25 6
-366.29947 -185.82156 -102.008675 25 6
-384.76932 -194.94565 -120.96504 25 6
-403.27756 -203.98424 -139.99747 25 6
-421.94626 -212.87534 -159.18959 25 6
-440.5207 -221.74728 -178.21666 25 6
-459.2588 -230.46962 -197.16411 25 6
-477.98172 -239.13206 -216.52133 25 6
-496.72745 -247.71503 -235.53214 25 6
-515.5682 -256.18213 -254.59793 25 6
-534.4489 -264.56055 -273.6884 25 6
-553.2248 -272.9214 -292.84677 25 6
-572.07434 -281.17566 -311.77585 25 6
-591.2029 -289.22272 -330.85535 25 6
-610.0509 -297.33624 -350.07086 25 6
-629.16974 -305.24646 -369.14102 25 6
-648.4554 -313.00467 -388.20938 25 6
-667.45856 -320.82727 -407.18756 25 6
-686.7002 -328.46255 -426.53687 25 6
-705.9476 -336.0223 -445.52228 25 6
-725.21124 -343.50092 -464.7685 25 6
-744.6014 -350.84595 -483.7942 25 6
-763.9266 -358.14737 -503.06833 25 6
-84.05587 -96.19807 -182.71759 26 7
-97.567696 -111.75427 -178.88138 26 7
-111.20537 -127.14545 -174.97357 26 7
-124.51539 -142.89035 -171.2856 26 7
-137.87195 -158.55952 -167.3109 26 7
-151.1015 -174.35146 -163.52655 26 7
-163.99472 -190.5084 -159.75497 26 7
-177.21799 -206.25832 -155.96547 26 7
-190.3191 -222.12282 -152.0792 26 7
-203.18909 -238.22942 -148.26234 26 7
-215.97379 -254.4079 -144.53409 26 7
-228.71774 -270.60498 -140.63606 26 7
-241.45615 -286.77747 -136.74733 26 7
-254.10715 -303.02106 -133.11179 26 7
-266.5758 -319.44888 -129.2065 26 7
-278.95056 -335.95535 -125.29255 26 7
-291.20743 -352.569 -121.60473 26 7
-303.44998 -369.16367 -117.92223 26 7
-315.5036 -385.95087 -113.88544 26 7
-327.64957 -402.58615 -110.068436 26 7
-339.77948 -419.1994 -106.263245 26 7
-351.53647 -436.23145 -102.401726 26 7
-363.31845 -453.19064 -98.711296 26 7
-375.02942 -470.1944 -94.79027 26 7
-386.57803 -487.35693 -90.84632 26 7
-398.1247 -504.47565 -87.134384 26 7
-409.47806 -521.79193 -83.417725 26 7
-420.94754 -538.9108 -79.44193 26 7
-432.1569 -556.3119 -75.61438 26 7
-443.27902 -573.7741 -71.6683 26 7
-454.22818 -591.40814 -67.98404 26 7
-465.37006 -608.73676 -64.02556 26 7
-476.3856 -626.17285 -60.30121 26 7
-487.06003 -644.00037 -56.409115 26 7
-497.86115 -661.60205 -52.780045 26 7
67.85838 132.0218 -629.4475 27 7
77.19102 150.35274 -692.11896 27 7
86.69453 168.58995 -755.0001 27 7
96.26969 186.92427 -817.58997 27 7
106.12952 204.94034 -880.1402 27 7
116.077156 223.01753 -942.9369 27 7
126.289665 240.8135 -1005.359 27 7
136.52142 258.79578 -1068.0454 27 7
146.89883 276.71878 -1130.7598 27 7
157.57219 294.29895 -1193.2405 27 7
168.32442 311.94238 -1256.1586 27 7
179.2533 329.4637 -1318.925 27 7
190.3486 346.88037 -1381.6436 27 7
201.6276 364.15945 -1444.3207 27 7
212.95976 381.53378 -1507.1421 27 7
224.67563 398.40982 -1569.9565 27 7
236.3365 415.56787 -1632.9272 27 7
248.15886 432.61847 -1695.6824 27 7
260.22116 449.4244 -1758.4589 27 7
272.4108 466.18027 -1821.6666 27 7
284.75156 482.84247 -1884.6871 27 7
297.28766 499.33447 -1947.7029 27 7
309.9125 515.8336 -2010.5675 27 7
322.68433 532.2388 -2073.7942 27 7
335.743 548.31915 -2136.604 27 7
348.74844 564.6294 -2200.1023 27 7
362.1291 580.4711 -2263.189 27 7
375.47177 596.5087 -2326.2715 27 7
-127.40791 -15.705049 -151.67888 28 7
-148.14159 -16.974628 -143.42784 28 7
-168.79079 -17.746561 -134.72653 28 7
-189.37743 -18.01162 -126.29008 28 7
-210.21895 -17.736492 -117.73358 28 7
-230.92418 -16.95403 -109.325264 28 7
-251.62692 -15.647663 -100.76093 28 7
-272.60153 -13.800049 -91.9536 28 7
-293.3782 -11.436057 -83.73045 28 7
-314.08752 -8.542752 -75.05388 28 7
-334.72635 -5.1157513 -66.57016 28 7
-355.5798 -1.1500112 -58.11504 28 7
-375.9747 3.3537621 -49.489605 28 7
-396.73032 8.395633 -40.662804 28 7
-417.27432 13.98159 -31.947908 28 7
-437.77878 20.111162 -23.50292 28 7
-458.10898 26.79276 -14.616329 28 7
-478.4491 34.018387 -6.026937 28 7
-498.5163 41.80932 3.0078924 28 7
-518.4066 50.164127 11.675217 28 7
-538.4179 59.05376 20.666449 28 7
-558.15326 68.51836 29.624054 28 7
-577.6855 78.55434 38.634308 28 7
-597.09534 89.152504 47.731865 28 7
-616.1084 100.3565 56.68253 28 7
-635.1428 112.102 65.723564 28 7
-654.0791 124.40334 75.02222 28 7
-672.57184 137.32674 84.50671 28 7
-690.7725 150.84848 93.68601 28 7
-708.9734 164.90286 102.87295 28 7
-726.5331 179.6371 112.33035 28 7
-744.1496 194.88422 121.77671 28 7
-761.20374 210.79959 131.47252 28 7
-778.18665 227.25046 140.88986 28 7
-794.5711 244.3861 150.59381 28 7
-80.88996 -98.98463 -147.64583 29 7
-94.51079 -114.46784 -138.68193 29 7
-108.3089 -129.76196 -129.76392 29 7
-122.25479 -144.90521 -120.55528 29 7
-136.25455 -160.00928 -111.63451 29 7
-150.36446 -175.00694 -102.64189 29 7
-164.48808 -190.00963 -93.579025 29 7
-178.71935 -204.90714 -84.63907 29 7
-193.23087 -219.503 -75.787834 29 7
-207.50624 -234.3848 -66.61981 29 7
-221.94601 -249.09483 -57.70577 29 7
-236.58072 -263.60034 -48.655643 29 7
-251.09499 -278.25244 -39.602795 29 7
-265.8678 -292.62906 -30.5994 29 7
-280.5981 -307.0625 -21.535559 29 7
-295.67996 -321.12134 -12.602243 29 7
-310.64273 -335.31866 -3.6017222 29 7
-325.67566 -349.44672 5.3989573 29 7
-340.793 -363.48935 14.507755 29 7
-356.0129 -377.42682 23.492592 29 7
-371.2942 -391.3023 32.596714 29 7
-386.61243 -405.1404 41.69485 29 7
-402.02048 -418.88464 50.57953 29 7
-417.52005 -432.5328 59.386757 29 7
-433.11826 -446.07712 68.62208 29 7
-448.95676 -459.37234 77.651306 29 7
-464.5838 -472.8805 86.82602 29 7
-480.4276 -486.1624 95.71973 29 7
-496.34424 -499.3648 104.83718 29 7
-512.3688 -512.45184 113.841995 29 7
-528.32697 -525.59674 122.94673 29 7
-544.50555 -538.51276 132.0542 29 7
-560.8254 -551.27966 140.99243 29 7
-576.97656 -564.2008 149.91602 29 7
-593.38086 -576.86145 159.09436 29 7
118.552345 -63.98089 760.03357 30 8
137.67697 -71.35489 829.7198 30 8
157.0551 -78.41117 899.5856 30 8
176.52611 -85.234276 969.40894 30 8
196.12881 -91.80405 1039.5283 30 8
215.81595 -98.141655 1109.4912 30 8
235.49832 -104.284424 1179.5475 30 8
255.1756 -110.22748 1249.6396 30 8
275.15533 -115.83678 1319.3125 30 8
295.1383 -121.24033 1389.681 30 8
315.19983 -126.403786 1459.8033 30 8
335.29556 -131.34274 1529.862 30 8
355.54953 -136.00684 1600.1012 30 8
375.68222 -140.50107 1670.388 30 8
395.91702 -144.73709 1740.8102 30 8
416.4188 -148.65521 1811.2908 30 8
436.72467 -152.42014 1881.442 30 8
457.08575 -155.93825 1952.1428 30 8
478.01688 -159.03629 2022.4352 30 8
498.49142 -162.05833 2092.9875 30 8
519.1722 -164.78029 2163.8933 30 8
539.8634 -167.2646 2234.6787 30 8
560.85333 -169.4215 2305.3914 30 8
581.5644 -171.42506 2376.7388 30 8
120.0211 26.46307 -112.67578 31 9
139.28787 34.44299 -117.5239 31 9
158.19577 43.184555 -122.18309 31 9
176.79474 52.670467 -126.72896 31 9
195.05226 62.90238 -131.50656 31 9
213.04648 73.844284 -135.97583 31 9
230.59898 85.545296 -140.82106 31 9
247.90141 97.923004 -145.52919 31 9
264.57892 111.11141 -150.33452 31 9
281.04718 124.9272 -154.99957 31 9
297.01215 139.47604 -159.92343 31 9
312.4128 154.77458 -164.67157 31 9
327.27884 170.79524 -169.58368 31 9
341.85947 187.38351 -174.70433 31 9
355.58124 204.82735 -179.51828 31 9
368.82324 222.89864 -184.28456 31 9
381.2826 241.7538 -189.37994 31 9
393.23358 261.1968 -194.6206 31 9
404.62836 281.21655 -199.5759 31 9
415.0174 302.0932 -204.94514 31 9
424.41382 323.80722 -210.17284 31 9
433.4219 345.86008 -215.61844 31 9
441.50476 368.60928 -220.8118 31 9
448.5074 392.14795 -226.48586 31 9
454.6402 416.24908 -231.91023 31 9
459.65005 441.08264 -237.51915 31 9
463.6461 466.48416 -243.198 31 9
466.50327 492.49826 -249.22832 31 9
468.15936 519.10364 -255.0746 31 9
468.51913 546.3057 -260.93106 31 9
467.27533 574.3622 -267.35284 31 9
464.815 602.6751 -273.5439 31 9
460.7029 631.6195 -280.1387 31 9
454.80026 661.21063 -286.94354 31 9
447.04562 691.32 -293.8544 31 9
64.24561 105.23941 -210.00746 32 9
76.107475 122.12326 -229.37915 32 9
88.24593 138.66652 -248.65736 32 9
100.25347 155.51292 -268.15805 32 9
112.48192 172.10666 -287.34982 32 9
124.91487 188.47873 -306.49466 32 9
137.38289 204.88583 -325.94968 32 9
149.87836 221.33409 -345.0952 32 9
162.6412 237.46828 -364.6805 32 9
175.5332 253.49419 -383.95557 32 9
188.28117 269.80255 -403.27512 32 9
201.38162 285.67767 -422.5816 32 9
214.49657 301.60324 -441.97397 32 9
227.86234 317.24518 -461.15717 32 9
241.08936 333.1459 -480.5223 32 9
254.5396 348.7996 -499.98947 32 9
268.09537 364.36917 -519.3715 32 9
281.66812 379.97296 -538.82635 32 9
295.5133 395.26517 -557.98474 32 9
309.33606 410.6415 -577.5165 32 9
323.21057 425.9991 -596.74097 32 9
337.45346 440.92163 -616.2088 32 9
351.52835 456.1114 -635.6575 32 9
365.88498 470.98053 -655.11426 32 9
380.35547 485.74762 -674.41724 32 9
394.86896 500.50162 -693.789 32 9
409.48465 515.1653 -713.1986 32 9
423.97977 530.0158 -732.64087 32 9
438.85315 544.4274 -752.2535 32 9
453.87994 558.6835 -771.522 32 9
468.95825 572.9086 -790.9306 32 9
483.97095 587.2428 -810.5198 32 9
499.28336 601.24036 -829.69037 32 9
514.49097 615.3893 -849.2607 32 9
529.9327 629.28076 -868.9238 32 9
84.373764 -111.60681 -256.46628 33 10
95.11109 -129.07956 -265.92264 33 10
105.336494 -147.06956 -275.46823 33 10
115.53271 -164.91107 -284.80933 33 10
125.33067 -183.11754 -294.41656 33 10
134.86 -201.50552 -303.87207 33 10
144.3028 -219.79457 -313.2485 33 10
153.35733 -238.43402 -322.90448 33 10
162.31245 -256.97372 -332.3595 33 10
170.80026 -275.98904 -341.89743 33 10
179.196 -294.87683 -351.33002 33 10
187.15817 -314.18945 -360.78906 33 10
195.13959 -333.16483 -370.36258 33 10
202.70377 -352.53067 -379.88104 33 10
209.9983 -372.03497 -389.35376 33 10
217.04906 -391.62634 -398.9004 33 10
223.85342 -411.30197 -408.48456 33 10
230.33588 -431.1956 -418.1059 33 10
236.70793 -450.9039 -427.7546 33 10
242.63873 -471.0465 -437.20004 33 10
248.3498 -491.19766 -446.8927 33 10
253.77693 -511.4747 -456.2377 33 10
258.9335 -531.8452 -466.22144 33 10
263.85562 -552.2265 -475.80392 33 10
268.41245 -572.88605 -485.39136 33 10
272.8587 -593.27374 -494.7701 33 10
276.89178 -614.0321 -504.69193 33 10
280.63583 -634.89026 -514.3203 33 10
284.08514 -655.85474 -524.24817 33 10
287.2692 -676.8502 -533.7915 33 10
290.23203 -697.7598 -543.6728 33 10
292.8551 -718.8565 -553.4434 33 10
295.1346 -740.14905 -563.23474 33 10
297.15717 -761.4154 -573.1047 33 10
298.82858 -782.8876 -582.84247 33 10
-135.651 21.20055 18.632381 34 10
-156.30956 24.166853 49.409992 34 10
-176.56111 27.403082 79.8534 34 10
-196.64503 30.872036 110.28335 34 10
-217.1034 34.48836 140.81726 34 10
-237.50787 38.318054 171.2786 34 10
-257.5007 42.41961 202.26614 34 10
-277.6959 46.693146 232.5843 34 10
-297.8279 51.181446 263.23752 34 10
-317.9576 55.87369 293.62097 34 10
-338.1238 60.76204 324.34613 34 10
-358.05743 65.894585 354.9892 34 10
-378.0528 71.217896 385.57678 34 10
-398.2647 76.700294 416.16727 34 10
-417.84024 82.50607 446.81863 34 10
-437.85745 88.42512 477.83636 34 10
-457.47388 94.62425 508.42972 34 10
-477.4092 100.95573 539.10516 34 10
-496.8651 107.58645 569.6 34 10
-516.36127 114.407135 600.7472 34 10
-536.1666 121.35497 631.48193 34 10
-555.4315 128.62053 662.3199 34 10
-575.1181 135.98305 692.9955 34 10
-594.3006 143.65823 723.8597 34 10
-613.7855 151.45335 754.7377 34 10
-633.333 159.42256 785.68475 34 10
-652.49835 167.67758 816.3899 34 10
-671.3936 176.19336 847.5473 34 10
-690.3764 184.87672 878.757 34 10
-709.4066 193.7355 909.27673 34 10
-728.3783 202.7966 940.72705 34 10
-747.0358 212.13168 971.594 34 10
-765.916 221.58862 1002.84326 34 10
-784.4921 231.31711 1033.8461 34 10
-802.9499 241.26437 1065.1078 34 10
-132.30188 -27.77574 -226.47214 35 10
-151.96791 -34.025555 -231.63947 35 10
-171.60515 -40.591213 -236.836 35 10
-191.05492 -47.507885 -241.71075 35 10
-210.26172 -54.791225 -247.15189 35 10
-229.63953 -62.33151 -252.14735 35 10
-248.87343 -70.2063 -257.3372 35 10
-267.9057 -78.431465 -262.3695 35 10
-286.83133 -86.97872 -267.63712 35 10
-305.48947 -95.89585 -272.79382 35 10
-323.95096 -105.162 -277.93347 35 10
-342.6824 -114.62069 -283.1033 35 10
-360.92743 -124.51791 -288.089 35 10
-379.27646 -134.65215 -293.3687 35 10
-397.13904 -145.22905 -298.58093 35 10
-415.15457 -156.01614 -303.76834 35 10
-432.83084 -167.19139 -309.05038 35 10
-450.55316 -178.60486 -314.1641 35 10
-467.8612 -190.43462 -319.53152 35 10
-484.99747 -202.58427 -324.7206 35 10
-501.9423 -215.05933 -329.88187 35 10
-519.1891 -227.64075 -335.1899 35 10
-535.8966 -240.68805 -340.49124 35 10
-552.10077 -254.19273 -345.53177 35 10
-568.6716 -267.75198 -350.9746 35 10
-584.7674 -281.74957 -356.14233 35 10
-600.53925 -296.11667 -361.4903 35 10
-616.1647 -310.764 -366.90018 35 10
-631.7477 -325.63223 -372.3231 35 10
-646.8246 -340.95584 -377.4774 35 10
-661.90405 -356.46695 -383.00635 35 10
-676.6789 -372.3225 -388.1517 35 10
-691.20294 -388.49063 -393.92456 35 10
-705.7101 -404.83328 -399.0101 35 10
-719.6458 -421.6628 -404.58432 35 10
65.43592 -122.22206 -156.87015 36 10
73.68047 -141.10779 -152.16779 36 10
81.71506 -160.22443 -146.92699 36 10
89.89893 -178.8646 -141.98094 36 10
97.71515 -198.0467 -137.08517 36 10
105.56082 -216.97685 -131.97165 36 10
113.13783 -236.26244 -126.9874 36 10
120.679214 -255.42204 -122.01524 36 10
128.01807 -274.80505 -117.32194 36 10
135.39551 -293.89325 -112.212105 36 10
142.48596 -313.38824 -106.99373 36 10
149.55374 -332.71396 -102.13513 36 10
156.51903 -352.04105 -97.18742 36 10
163.25398 -371.6576 -92.0674 36 10
169.9934 -391.03046 -87.176315 36 10
176.52063 -410.65253 -82.20468 36 10
182.9632 -430.2295 -77.10637 36 10
189.20467 -450.03394 -71.93005 36 10
195.42789 -469.63113 -67.104546 36 10
201.46194 -489.42676 -62.15488 36 10
207.42036 -509.1458 -57.193295 36 10
213.22911 -528.96686 -52.02641 36 10
218.88582 -548.8965 -47.21528 36 10
224.38475 -568.95 -42.016827 36 10
229.86517 -588.7721 -37.061687 36 10
235.07184 -609.01337 -32.185875 36 10
240.2642 -629.00574 -26.910255 36 10
245.35748 -648.96295 -21.937284 36 10
250.28838 -669.0503 -17.072012 36 10
255.1127 -689.1186 -12.062847 36 10
259.76224 -709.351 -6.9197736 36 10
264.33878 -729.46924 -2.0734189 36 10
268.74533 -749.7376 3.3500528 36 10
272.9745 -770.1793 8.085552 36 10
277.12634 -790.5121 13.113071 36 10
-84.4882 -103.582726 -183.74571 37 10
-96.875755 -120.007095 -182.53604 37 10
-108.93357 -136.74803 -181.42278 37 10
-120.76296 -153.67953 -180.26381 37 10
-132.42813 -170.71701 -179.32639 37 10
-144.03764 -187.7138 -178.13274 37 10
-155.30452 -205.03792 -177.04765 37 10
-166.3826 -222.48718 -175.68999 37 10
-177.44147 -239.8278 -174.8454 37 10
-187.99643 -257.71066 -173.47734 37 10
-198.56682 -275.4269 -172.32425 37 10
-208.76393 -293.50726 -171.31699 37 10
-218.90553 -311.50452 -170.3688 37 10
-228.76064 -329.73935 -169.32364 37 10
-238.39056 -348.12247 -168.07513 37 10
-247.87221 -366.53683 -166.77078 37 10
-257.05658 -385.198 -165.96616 37 10
-266.00107 -404.01947 -164.5123 37 10
-274.8774 -422.73434 -163.37991 37 10
-283.32858 -441.8859 -162.47115 37 10
-291.5689 -461.14407 -161.26439 37 10
-299.70877 -480.32718 -160.27075 37 10
-307.60727 -499.65176 -159.09175 37 10
-315.2919 -519.0692 -157.884 37 10
-322.79385 -538.5223 -156.97083 37 10
-329.9707 -558.24414 -155.84431 37 10
-337.05063 -577.8455 -154.61107 37 10
-343.69965 -597.89307 -153.2216 37 10
-350.22437 -617.85565 -152.22018 37 10
-356.37402 -638.1692 -151.2022 37 10
-362.5148 -658.17456 -149.99318 37 10
-368.28946 -678.507 -148.79361 37 10
-373.79108 -698.9978 -147.7099 37 10
-379.0521 -719.5828 -146.61584 37 10
-384.26413 -739.8878 -145.37347 37 10
-134.74579 -41.73311 408.76465 38 11
-154.34789 -48.445766 448.713 38 11
-173.7514 -55.342987 488.39337 38 11
-192.93106 -62.43461 528.2153 38 11
-212.3286 -69.57793 568.1507 38 11
-231.7092 -76.84687 607.85815 38 11
-251.05591 -84.24631 647.84186 38 11
-270.15878 -91.84699 687.4866 38 11
-289.1185 -99.61624 727.2943 38 11
-308.09015 -107.500694 766.9683 38 11
-327.23706 -115.441505 807.06714 38 11
-346.18793 -123.5678 847.03485 38 11
-365.02902 -131.8498 886.9035 38 11
-383.951 -140.21808 926.8071 38 11
-402.66714 -148.77632 966.65314 38 11
-421.53043 -157.39417 1006.86096 38 11
-440.1621 -166.21155 1046.5723 38 11
-458.92938 -175.09001 1086.6135 38 11
-477.4729 -184.16527 1126.342 38 11
-495.8723 -193.40782 1166.3126 38 11
-514.35333 -202.7293 1206.549 38 11
-532.85345 -212.15231 1246.1766 38 11
-551.18097 -221.75247 1286.3623 38 11
-569.44415 -231.48665 1326.2933 38 11
-587.66266 -241.34628 1366.3835 38 11
-605.8043 -251.34393 1406.3876 38 11
-623.9793 -261.4331 1446.5905 38 11
-641.61084 -271.85617 1486.692 38 11
-659.84503 -282.1286 1526.6736 38 11
-677.8998 -292.57913 1566.824 38 11
-695.5123 -303.3232 1606.8687 38 11
-713.41785 -314.0413 1647.18 38 11
-730.7085 -325.13193 1687.3342 38 11
-748.576 -336.0665 1727.5613 38 11
-766.05975 -347.27155 1767.7914 38 11
96.5624 114.35558 111.64462 39 11
108.96827 130.90964 109.51562 39 11
121.7807 146.9353 107.26541 39 11
134.1738 163.42206 104.97108 39 11
146.38997 180.08058 102.80027 39 11
158.7137 196.55989 100.65899 39 11
170.7685 213.3223 98.296974 39 11
182.90738 229.92795 96.10554 39 11
194.89468 246.66866 93.836075 39 11
206.73323 263.5411 91.558525 39 11
218.52928 280.4089 89.48569 39 11
230.0543 297.5648 87.179565 39 11
241.5574 314.6878 84.90571 39 11
252.95404 331.88538 82.72065 39 11
264.32455 349.05026 80.598564 39 11
275.462 366.4543 78.26202 39 11
286.53717 383.8712 76.05172 39 11
297.54065 401.3111 73.86172 39 11
308.333 418.96133 71.61609 39 11
319.0152 436.68552 69.52291 39 11
329.77917 454.21808 67.02453 39 11
340.26535 472.05124 64.989624 39 11
350.58267 490.03647 62.639717 39 11
360.85922 507.9941 60.448616 39 11
371.13437 525.86505 58.213707 39 11
381.0779 544.1162 56.034077 39 11
390.97018 562.3499 53.716194 39 11
400.9046 580.42804 51.627438 39 11
410.66696 598.6568 49.186718 39 11
420.21423 617.10004 47.123253 39 11
429.6805 635.5614 44.823666 39 11
439.12936 653.944 42.522465 39 11
448.25815 672.6973 40.359085 39 11
457.49152 691.18524 38.141487 39 11
466.52222 709.86694 35.8375 39 11
-135.0029 46.054337 2.1766112 40 11
-153.81609 54.177628 -15.94889 40 11
-172.58679 62.7072 -33.612274 40 11
-191.52635 71.55512 -51.481888 40 11
-209.90408 80.98589 -69.132126 40 11
-228.48332 90.704025 -87.35684 40 11
-246.39127 101.04744 -105.26662 40 11
-264.2564 111.76242 -123.31887 40 11
-281.9326 122.900536 -141.01526 40 11
-299.26132 134.52588 -159.04974 40 11
-316.55093 146.4945 -176.98643 40 11
-333.53058 158.9211 -195.08807 40 11
-350.16864 171.81735 -213.3836 40 11
-366.5865 185.11897 -231.55449 40 11
-382.80154 198.80818 -249.93097 40 11
-398.723 212.9232 -268.03577 40 11
-414.21146 227.53372 -286.17075 40 11
-429.62695 242.43523 -304.72458 40 11
-444.43582 257.91882 -323.17755 40 11
-458.89737 273.83575 -341.82565 40 11
-473.43326 289.92056 -360.31192 40 11
-487.52286 306.47192 -379.13733 40 11
-500.95493 323.6222 -397.86057 40 11
-514.0823 341.14343 -416.7815 40 11
-526.93317 359.00363 -435.5832 40 11
-539.5304 377.17114 -454.67844 40 11
-551.65247 395.78687 -473.92245 40 11
-563.4167 414.75732 -492.8072 40 11
-574.5068 434.30667 -512.38007 40 11
-585.49927 453.9903 -531.8403 40 11
-595.9706 474.11197 -551.28217 40 11
-605.60596 494.91974 -571.0293 40 11
-615.056 515.8777 -590.7031 40 11
-624.0287 537.2035 -610.4263 40 11
-632.5191 558.8848 -630.78754 40 11
71.11956 131.20535 21.320412 41 11
79.854614 149.87025 6.492175 41 11
88.35657 168.70706 -8.4677305 41 11
96.67219 187.62569 -23.535788 41 11
104.862434 206.50243 -38.560482 41 11
112.75062 225.6811 -53.39008 41 11
120.63905 244.55507 -68.36055 41 11
128.1831 263.81284 -83.41734 41 11
135.47667 283.26852 -98.441055 41 11
142.74794 302.44025 -113.588554 41 11
149.74629 321.84726 -128.41466 41 11
156.53204 341.36163 -143.5337 41 11
163.04362 361.11755 -158.676 41 11
169.50139 380.62372 -173.6929 41 11
175.65178 400.44025 -188.71536 41 11
181.68045 420.14465 -203.6722 41 11
187.32765 440.3352 -218.78792 41 11
192.90817 460.27643 -233.82298 41 11
198.31601 480.2066 -248.87363 41 11
203.40114 500.48734 -263.89825 41 11
208.45236 520.4068 -279.17142 41 11
213.10088 540.8769 -294.43027 41 11
217.5952 561.27637 -309.50427 41 11
221.9936 581.44214 -324.4052 41 11
226.04312 602.0295 -339.73816 41 11
229.95058 622.4925 -354.96506 41 11
233.66791 642.9503 -370.14505 41 11
237.17508 663.4517 -385.3295 41 11
240.2706 684.56573 -400.6624 41 11
243.34428 705.1881 -415.63208 41 11
246.18251 725.9154 -431.1555 41 11
248.82097 746.63916 -446.5221 41 11
251.19072 767.5627 -461.6785 41 11
253.30978 788.634 -476.65796 41 11
255.31502 809.42017 -492.12207 41 11
149.34949 -3.9431388 -244.04921 42 11
169.94725 -1.4690943 -297.27728 42 11
190.67253 1.8474653 -350.06104 42 11
211.15697 6.011234 -403.3116 42 11
231.48439 11.031254 -456.93213 42 11
251.92487 16.89591 -510.72894 42 11
272.11804 23.625006 -564.79535 42 11
291.98785 31.234291 -619.07697 42 11
311.86765 39.69153 -673.86017 42 11
331.49048 49.023594 -728.8064 42 11
350.84354 59.23395 -784.3889 42 11
369.62195 70.380135 -840.1391 42 11
388.26703 82.38507 -896.5975 42 11
406.44034 95.31292 -953.4843 42 11
424.29404 109.12858 -1010.5604 42 11
441.76013 123.84134 -1068.6088 42 11
458.6684 139.49391 -1127.2427 42 11
474.99048 156.09457 -1186.5037 42 11
490.75342 173.63048 -1246.5497 42 11
506.0496 192.05621 -1307.3832 42 11
520.299 211.58398 -1369.0302 42 11
534.2315 231.9141 -1431.44 42 11
547.29407 253.25165 -1495.1476 42 11
559.23584 275.7078 -1559.8385 42 11
570.50433 299.0496 -1625.9117 42 11
580.7056 323.44492 -1693.1204 42 11
589.9475 348.80325 -1761.7404 42 11
597.779 375.35336 -1832.118 42 11
604.4798 402.8853 -1904.082 42 11
609.8683 431.4486 -1978.066 42 11
613.6188 461.19977 -2054.2078 42 11
615.72437 492.06183 -2133.1138 42 11
615.8644 524.1775 -2214.6228 42 11
614.07056 557.3731 -2299.4604 42 11
-122.29971 -71.857475 -133.14357 43 12
-142.07726 -78.46798 -196.60164 43 12
-161.80623 -84.634865 -260.12326 43 12
-181.71944 -90.20306 -323.45706 43 12
-202.0929 -95.02598 -387.07666 43 12
-222.5203 -99.28918 -451.1176 43 12
-243.38004 -102.808136 -515.2608 43 12
-263.998 -105.85548 -579.44495 43 12
-285.03824 -108.1384 -643.92474 43 12
-306.04385 -109.82374 -708.4712 43 12
-327.4111 -110.752686 -773.63873 43 12
-348.59457 -111.09909 -838.8342 43 12
-370.39444 -110.59243 -904.32874 43 12
-391.73422 -109.549835 -970.20087 43 12
-413.27045 -107.755104 -1036.3739 43 12
-435.18573 -105.157524 -1103.171 43 12
-456.70346 -101.93472 -1170.3024 43 12
-478.5187 -97.90622 -1237.4843 43 12
-500.15363 -93.16231 -1305.3689 43 12
-521.754 -87.65419 -1373.6262 43 12
-543.4329 -81.34954 -1442.6042 43 12
-565.05304 -74.25808 -1512.0188 43 12
-586.5736 -66.36939 -1581.8861 43 12
-607.81024 -57.684658 -1652.5436 43 12
-629.2612 -48.14015 -1723.692 43 12
-650.3288 -37.773464 -1795.6504 43 12
-671.2531 -26.545876 -1868.1652 43 12
-692.11346 -14.440839 -1941.6392 43 12
-712.50134 -1.4498625 -2015.7399 43 12
-732.85376 12.450974 -2090.9011 43 12
-752.6448 27.285952 -2166.857 43 12
-772.43945 43.057953 -2243.9038 43 12
-791.68134 59.80893 -2322.075 43 12
103.86744 -104.86407 149.70605 44 12
118.20442 -119.689575 128.96416 44 12
132.30426 -134.75487 108.12028 44 12
146.19603 -150.02391 87.36349 44 12
159.6875 -165.68886 66.39236 44 12
173.03537 -181.47952 45.34003 44 12
186.10783 -197.52591 24.424887 44 12
199.02756 -213.69095 3.6044886 44 12
211.55746 -230.22192 -17.408234 44 12
223.98906 -246.79655 -38.261715 44 12
235.84154 -263.93845 -59.1844 44 12
247.76541 -280.91812 -80.29481 44 12
259.17175 -298.38992 -101.49578 44 12
270.5809 -315.75174 -122.48008 44 12
281.42685 -333.65308 -143.55222 44 12
292.11765 -351.61093 -164.48138 44 12
302.50964 -369.78683 -185.68828 44 12
312.70532 -388.0469 -206.85481 44 12
322.36316 -406.80914 -228.16841 44 12
331.84152 -425.62125 -249.46324 44 12
341.1255 -444.48795 -270.74963 44 12
349.9908 -463.69165 -292.06192 44 12
358.61026 -482.99908 -313.41867 44 12
366.9597 -502.43112 -334.87064 44 12
374.84482 -522.2471 -356.5273 44 12
382.5045 -542.11053 -377.96994 44 12
389.81653 -562.1824 -399.5151 44 12
396.81653 -582.4032 -420.8549 44 12
403.48584 -602.7906 -442.63828 44 12
409.94534 -623.1515 -464.35153 44 12
415.87073 -643.9682 -486.04245 44 12
421.49567 -664.8787 -508.035 44 12
426.77646 -685.9397 -529.8589 44 12
431.66208 -707.2241 -552.1514 44 12
436.27667 -728.51843 -573.86176 44 12
