x y z track_id event_id time_left time_right
-137.11209 40.963886 -63.1885 0 6 0.21890625 0.53109375
-156.85727 46.86893 -63.813786 0 6 0.21890625 0.53109375
-176.64272 52.87821 -64.663826 0 6 0.21890625 0.53109375
-196.29227 59.04404 -65.591896 0 6 0.21890625 0.53109375
-215.90367 65.3369 -66.40593 0 6 0.21890625 0.53109375
-235.39758 71.780655 -67.36749 0 6 0.21890625 0.53109375
-254.95885 78.31872 -68.06068 0 6 0.21890625 0.53109375
-274.52127 84.97051 -68.77401 0 6 0.21890625 0.53109375
-294.00696 91.75967 -69.852974 0 6 0.21890625 0.53109375
-313.5114 98.65602 -70.507935 0 6 0.21890625 0.53109375
-332.53577 105.81728 -71.48861 0 6 0.21890625 0.53109375
-352.2709 112.86488 -72.26149 0 6 0.21890625 0.53109375
-371.15985 120.29594 -73.08518 0 6 0.21890625 0.53109375
-390.37897 127.73285 -74.01045 0 6 0.21890625 0.53109375
-409.76318 135.2263 -74.665146 0 6 0.21890625 0.53109375
-429.06412 142.85672 -75.72569 0 6 0.21890625 0.53109375
-447.91898 150.7461 -76.37294 0 6 0.21890625 0.53109375
-466.996 158.67099 -77.18723 0 6 0.21890625 0.53109375
-486.3377 166.61386 -77.78363 0 6 0.21890625 0.53109375
-505.15195 174.84547 -79.10396 0 6 0.21890625 0.53109375
-523.959 183.18837 -79.9059 0 6 0.21890625 0.53109375
-542.5346 191.72092 -80.64449 0 6 0.21890625 0.53109375
-561.6946 200.15395 -81.422714 0 6 0.21890625 0.53109375
-580.4616 208.83212 -82.426346 0 6 0.21890625 0.53109375
-599.2055 217.62428 -83.07413 0 6 0.21890625 0.53109375
-617.917 226.53317 -83.88805 0 6 0.21890625 0.53109375
-636.33984 235.65302 -85.10625 0 6 0.21890625 0.53109375
-655.09265 244.7548 -85.809326 0 6 0.21890625 0.53109375
-673.49036 254.09245 -86.47431 0 6 0.21890625 0.53109375
-692.20435 263.41318 -87.4191 0 6 0.21890625 0.53109375
-710.46704 273.0076 -88.2102 0 6 0.21890625 0.53109375
-728.8676 282.651 -89.04694 0 6 0.21890625 0.53109375
-765.32837 302.37274 -90.77446 0 6 0.21890625 0.53109375
-783.48083 312.4147 -91.39403 0 6 0.21890625 0.53109375
48.393074 141.84282 -209.53041 1 4 0.09390625 0.40609375000000003
54.884693 161.40059 -204.51086 1 4 0.09390625 0.40609375000000003
61.293156 180.9466 -199.29424 1 4 0.09390625 0.40609375000000003
67.58955 200.56525 -194.36813 1 4 0.09390625 0.40609375000000003
73.76414 220.28542 -189.12622 1 4 0.09390625 0.40609375000000003
79.84428 240.02548 -184.02417 1 4 0.09390625 0.40609375000000003
85.88607 259.61493 -178.9271 1 4 0.09390625 0.40609375000000003
91.80512 279.3061 -173.792 1 4 0.09390625 0.40609375000000003
97.59476 299.12006 -168.78226 1 4 0.09390625 0.40609375000000003
103.27236 319.0043 -163.45195 1 4 0.09390625 0.40609375000000003
108.920685 338.70163 -158.45135 1 4 0.09390625 0.40609375000000003
114.40153 358.6393 -153.24625 1 4 0.09390625 0.40609375000000003
119.80472 378.53772 -148.19565 1 4 0.09390625 0.40609375000000003
125.17295 398.2585 -143.1335 1 4 0.09390625 0.40609375000000003
130.37671 418.2115 -138.04785 1 4 0.09390625 0.40609375000000003
135.45604 438.27127 -132.93684 1 4 0.09390625 0.40609375000000003
140.38126 458.53586 -127.92904 1 4 0.09390625 0.40609375000000003
145.41383 478.14838 -122.74775 1 4 0.09390625 0.40609375000000003
150.1614 498.39288 -117.69515 1 4 0.09390625 0.40609375000000003
154.89046 518.392 -112.69866 1 4 0.09390625 0.40609375000000003
159.45563 538.62885 -107.575195 1 4 0.09390625 0.40609375000000003
163.96938 558.72473 -102.14825 1 4 0.09390625 0.40609375000000003
168.3649 578.9041 -97.18118 1 4 0.09390625 0.40609375000000003
172.63988 599.1758 -92.13997 1 4 0.09390625 0.40609375000000003
180.93735 639.61383 -81.77187 1 4 0.09390625 0.40609375000000003
184.96526 659.7559 -76.95426 1 4 0.09390625 0.40609375000000003
188.80014 680.24756 -71.627174 1 4 0.09390625 0.40609375000000003
192.62238 700.4415 -66.494415 1 4 0.09390625 0.40609375000000003
196.32407 720.72363 -61.445164 1 4 0.09390625 0.40609375000000003
199.90656 741.0899 -56.314117 1 4 0.09390625 0.40609375000000003
203.33311 761.6788 -50.973698 1 4 0.09390625 0.40609375000000003
206.76306 781.8928 -45.718605 1 4 0.09390625 0.40609375000000003
209.9756 802.5626 -40.85114 1 4 0.09390625 0.40609375000000003
213.19734 822.8259 -35.735992 1 4 0.09390625 0.40609375000000003
136.49362 40.090107 -391.23605 2 4 0.09390625 0.40609375000000003
156.5672 45.070343 -413.52505 2 4 0.09390625 0.40609375000000003
176.38657 50.35996 -435.80124 2 4 0.09390625 0.40609375000000003
216.26466 61.57534 -480.65366 2 4 0.09390625 0.40609375000000003
235.8591 67.63137 -503.37286 2 4 0.09390625 0.40609375000000003
255.80888 73.81702 -525.3526 2 4 0.09390625 0.40609375000000003
275.22467 80.38731 -547.7063 2 4 0.09390625 0.40609375000000003
294.69537 87.17158 -570.40796 2 4 0.09390625 0.40609375000000003
314.22427 94.16641 -592.9135 2 4 0.09390625 0.40609375000000003
333.69168 101.4054 -615.12787 2 4 0.09390625 0.40609375000000003
352.93384 108.93764 -637.61053 2 4 0.09390625 0.40609375000000003
372.1867 116.69 -660.19806 2 4 0.09390625 0.40609375000000003
391.14838 124.756165 -682.6518 2 4 0.09390625 0.40609375000000003
410.27942 132.98889 -705.06683 2 4 0.09390625 0.40609375000000003
429.15955 141.52133 -727.5249 2 4 0.09390625 0.40609375000000003
448.10147 150.25009 -750.1841 2 4 0.09390625 0.40609375000000003
466.69156 159.31233 -772.87915 2 4 0.09390625 0.40609375000000003
485.4537 168.52946 -795.49634 2 4 0.09390625 0.40609375000000003
504.13675 177.98402 -817.9369 2 4 0.09390625 0.40609375000000003
522.4408 187.78201 -840.64777 2 4 0.09390625 0.40609375000000003
577.1451 218.49312 -908.959 2 4 0.09390625 0.40609375000000003
595.1869 229.20744 -931.4423 2 4 0.09390625 0.40609375000000003
613.20197 240.13017 -954.16626 2 4 0.09390625 0.40609375000000003
631.0319 251.32112 -977.15704 2 4 0.09390625 0.40609375000000003
648.5062 262.84918 -999.7909 2 4 0.09390625 0.40609375000000003
666.1353 274.50732 -1022.6544 2 4 0.09390625 0.40609375000000003
683.44934 286.4851 -1045.7909 2 4 0.09390625 0.40609375000000003
700.72253 298.66797 -1068.6356 2 4 0.09390625 0.40609375000000003
717.91376 311.07028 -1091.6094 2 4 0.09390625 0.40609375000000003
735.0827 323.66296 -1114.5052 2 4 0.09390625 0.40609375000000003
751.9061 336.5866 -1137.436 2 4 0.09390625 0.40609375000000003
768.5603 349.76376 -1160.5693 2 4 0.09390625 0.40609375000000003
-125.89173 68.85887 92.783066 3 15 0.78140625 1.0
-145.35233 75.82943 91.22227 3 15 0.78140625 1.0
-164.53796 82.855865 89.68331 3 15 0.78140625 1.0
-184.1189 89.5954 88.18881 3 15 0.78140625 1.0
-203.69931 96.25095 86.44249 3 15 0.78140625 1.0
-223.13081 102.88828 84.937935 3 15 0.78140625 1.0
-242.71532 109.364655 83.21268 3 15 0.78140625 1.0
-262.35153 115.72792 81.94587 3 15 0.78140625 1.0
-281.8208 122.07264 80.40388 3 15 0.78140625 1.0
-321.36288 134.22476 77.08146 3 15 0.78140625 1.0
-341.02194 140.20874 75.381905 3 15 0.78140625 1.0
-360.76016 146.06564 73.908936 3 15 0.78140625 1.0
-380.5565 151.80437 72.4384 3 15 0.78140625 1.0
-400.36438 157.4433 70.86555 3 15 0.78140625 1.0
-420.2455 162.95781 69.15746 3 15 0.78140625 1.0
-440.27148 168.3208 67.40754 3 15 0.78140625 1.0
-460.04376 173.68405 66.018684 3 15 0.78140625 1.0
-480.12662 178.83272 64.44886 3 15 0.78140625 1.0
-499.86768 184.01045 62.853817 3 15 0.78140625 1.0
-520.12335 188.90063 61.146263 3 15 0.78140625 1.0
-540.22473 193.7495 59.6724 3 15 0.78140625 1.0
-560.21246 198.5398 58.06113 3 15 0.78140625 1.0
-600.5409 207.69589 54.891907 3 15 0.78140625 1.0
-620.66846 212.13611 53.186146 3 15 0.78140625 1.0
-640.8347 216.46179 51.608334 3 15 0.78140625 1.0
-681.51807 224.69138 48.639374 3 15 0.78140625 1.0
-701.6047 228.73698 47.10683 3 15 0.78140625 1.0
-722.0448 232.56436 45.3482 3 15 0.78140625 1.0
-742.38837 236.3202 43.60479 3 15 0.78140625 1.0
-762.7375 239.97064 42.254967 3 15 0.78140625 1.0
-783.2034 243.48055 40.6712 3 15 0.78140625 1.0
-803.6918 246.8796 38.92137 3 15 0.78140625 1.0
60.464733 124.55888 -8.768554 4 0 0.0 0.15609375
68.52828 143.36147 -28.99911 4 0 0.0 0.15609375
76.57768 162.47958 -48.898685 4 0 0.0 0.15609375
84.809044 181.5028 -69.06547 4 0 0.0 0.15609375
93.37569 200.09796 -89.11969 4 0 0.0 0.15609375
101.9946 218.86801 -109.132675 4 0 0.0 0.15609375
110.78695 237.55168 -129.2374 4 0 0.0 0.15609375
119.74093 256.17206 -149.24043 4 0 0.0 0.15609375
128.90717 274.61905 -169.37773 4 0 0.0 0.15609375
138.25894 292.94858 -189.44942 4 0 0.0 0.15609375
147.79192 311.1686 -209.64421 4 0 0.0 0.15609375
157.45122 329.3928 -229.84143 4 0 0.0 0.15609375
167.2273 347.63754 -249.70428 4 0 0.0 0.15609375
177.25792 365.6143 -269.98657 4 0 0.0 0.15609375
187.29489 383.83377 -290.11917 4 0 0.0 0.15609375
197.57799 401.799 -310.24722 4 0 0.0 0.15609375
208.05818 419.61087 -330.28748 4 0 0.0 0.15609375
218.73581 437.2683 -350.53085 4 0 0.0 0.15609375
229.44264 455.10486 -370.61688 4 0 0.0 0.15609375
240.39836 472.67972 -391.20578 4 0 0.0 0.15609375
251.47081 490.25302 -410.942 4 0 0.0 0.15609375
262.7824 507.584 -431.11566 4 0 0.0 0.15609375
274.19937 524.9308 -451.538 4 0 0.0 0.15609375
285.79865 542.14264 -471.73712 4 0 0.0 0.15609375
297.59488 559.19116 -492.06387 4 0 0.0 0.15609375
309.51666 576.2094 -512.17334 4 0 0.0 0.15609375
321.59583 593.13477 -532.45044 4 0 0.0 0.15609375
333.7605 610.09656 -552.65967 4 0 0.0 0.15609375
346.19434 626.7567 -573.0525 4 0 0.0 0.15609375
358.77673 643.33514 -593.3081 4 0 0.0 0.15609375
371.47235 659.8922 -613.5373 4 0 0.0 0.15609375
384.22253 676.5269 -633.9583 4 0 0.0 0.15609375
397.3538 692.663 -654.4474 4 0 0.0 0.15609375
410.49265 708.9547 -674.81586 4 0 0.0 0.15609375
423.83987 725.04913 -694.97455 4 0 0.0 0.15609375
-140.50935 -16.002077 -141.24628 5 12 0.59390625 0.90609375
-161.138 -18.549337 -154.18799 5 12 0.59390625 0.90609375
-181.47574 -20.824366 -167.5611 5 12 0.59390625 0.90609375
-202.09067 -22.760708 -180.5537 5 12 0.59390625 0.90609375
-222.70697 -24.388958 -193.37668 5 12 0.59390625 0.90609375
-243.2472 -25.715826 -206.53395 5 12 0.59390625 0.90609375
-264.16754 -26.692514 -219.902 5 12 0.59390625 0.90609375
-305.18915 -27.78981 -246.0304 5 12 0.59390625 0.90609375
-326.0488 -27.833809 -259.19482 5 12 0.59390625 0.90609375
-346.95233 -27.559574 -272.13797 5 12 0.59390625 0.90609375
-367.4337 -27.000751 -284.90945 5 12 0.59390625 0.90609375
-388.29697 -26.094133 -298.574 5 12 0.59390625 0.90609375
-409.0582 -24.875034 -311.72446 5 12 0.59390625 0.90609375
-430.05264 -23.322094 -324.66138 5 12 0.59390625 0.90609375
-450.56073 -21.473103 -338.2046 5 12 0.59390625 0.90609375
-471.6272 -19.274544 -351.44867 5 12 0.59390625 0.90609375
-492.1872 -16.773117 -364.63443 5 12 0.59390625 0.90609375
-513.13605 -13.933248 -377.7622 5 12 0.59390625 0.90609375
-533.7185 -10.777533 -391.2599 5 12 0.59390625 0.90609375
-554.64325 -7.2883177 -404.52054 5 12 0.59390625 0.90609375
-575.1461 -3.4769533 -417.64822 5 12 0.59390625 0.90609375
-595.8127 0.66536176 -431.07083 5 12 0.59390625 0.90609375
-616.60376 5.135762 -444.34744 5 12 0.59390625 0.90609375
-637.2198 9.936415 -457.8359 5 12 0.59390625 0.90609375
-657.776 15.068597 -471.39203 5 12 0.59390625 0.90609375
-678.2884 20.533127 -484.83167 5 12 0.59390625 0.90609375
-698.8673 26.326685 -498.14624 5 12 0.59390625 0.90609375
-719.2272 32.46043 -511.78876 5 12 0.59390625 0.90609375
-739.39557 38.937447 -525.2956 5 12 0.59390625 0.90609375
-759.76825 45.737766 -538.949 5 12 0.59390625 0.90609375
-780.0638 52.875206 -552.51953 5 12 0.59390625 0.90609375
-800.1118 60.363632 -566.20026 5 12 0.59390625 0.90609375
-820.2561 68.17928 -579.84 5 12 0.59390625 0.90609375
-840.3568 76.33163 -593.5917 5 12 0.59390625 0.90609375
-122.387314 82.65595 -196.74461 6 12 0.59390625 0.90609375
-159.49683 100.82911 -239.24692 6 12 0.59390625 0.90609375
-178.34969 109.33759 -260.65112 6 12 0.59390625 0.90609375
-197.46284 117.41333 -281.89655 6 12 0.59390625 0.90609375
-216.67587 125.144646 -303.0884 6 12 0.59390625 0.90609375
-236.11246 132.4499 -324.43216 6 12 0.59390625 0.90609375
-255.74542 139.33827 -345.8281 6 12 0.59390625 0.90609375
-275.57837 145.80116 -367.2995 6 12 0.59390625 0.90609375
-295.42825 151.92639 -388.8069 6 12 0.59390625 0.90609375
-315.35367 157.6705 -410.22742 6 12 0.59390625 0.90609375
-335.9042 162.75613 -431.84525 6 12 0.59390625 0.90609375
-356.2106 167.60497 -453.35046 6 12 0.59390625 0.90609375
-376.88303 171.91454 -475.14615 6 12 0.59390625 0.90609375
-397.65878 175.80295 -496.77127 6 12 0.59390625 0.90609375
-418.40366 179.31895 -518.3553 6 12 0.59390625 0.90609375
-439.60596 182.246 -540.24615 6 12 0.59390625 0.90609375
-460.53055 184.8853 -562.20715 6 12 0.59390625 0.90609375
-481.7449 186.99336 -584.3293 6 12 0.59390625 0.90609375
-524.44635 189.83072 -628.0288 6 12 0.59390625 0.90609375
-545.9978 190.52191 -650.3323 6 12 0.59390625 0.90609375
-567.49945 190.78204 -672.38245 6 12 0.59390625 0.90609375
-589.0548 190.56497 -694.63477 6 12 0.59390625 0.90609375
-611.0339 189.74745 -716.8999 6 12 0.59390625 0.90609375
-632.76556 188.53525 -739.4119 6 12 0.59390625 0.90609375
-654.48944 186.84068 -761.99493 6 12 0.59390625 0.90609375
-676.612 184.54282 -784.7874 6 12 0.59390625 0.90609375
-698.4392 181.8278 -807.4438 6 12 0.59390625 0.90609375
-742.23346 174.82368 -853.29706 6 12 0.59390625 0.90609375
-764.3937 170.47714 -876.3978 6 12 0.59390625 0.90609375
-786.44806 165.62401 -899.5771 6 12 0.59390625 0.90609375
-808.56915 160.21779 -922.81415 6 12 0.59390625 0.90609375
-830.51715 154.2974 -946.43756 6 12 0.59390625 0.90609375
127.72917 68.20398 -222.06444 7 4 0.09390625 0.40609375000000003
146.73944 76.03648 -218.85104 7 4 0.09390625 0.40609375000000003
165.76752 83.75894 -215.79163 7 4 0.09390625 0.40609375000000003
204.17297 98.72485 -209.42625 7 4 0.09390625 0.40609375000000003
223.52118 105.985 -206.19601 7 4 0.09390625 0.40609375000000003
242.7672 113.19005 -202.9667 7 4 0.09390625 0.40609375000000003
281.67584 127.09207 -196.54204 7 4 0.09390625 0.40609375000000003
301.05997 133.91553 -193.66327 7 4 0.09390625 0.40609375000000003
320.52844 140.59317 -190.0977 7 4 0.09390625 0.40609375000000003
340.16098 147.09067 -187.06839 7 4 0.09390625 0.40609375000000003
359.57236 153.57393 -183.79083 7 4 0.09390625 0.40609375000000003
379.39783 159.77031 -180.5238 7 4 0.09390625 0.40609375000000003
399.14832 165.88866 -177.33163 7 4 0.09390625 0.40609375000000003
418.83685 171.92105 -174.14021 7 4 0.09390625 0.40609375000000003
438.4947 177.85265 -170.89656 7 4 0.09390625 0.40609375000000003
458.53705 183.51556 -167.7588 7 4 0.09390625 0.40609375000000003
478.1348 189.24214 -164.61708 7 4 0.09390625 0.40609375000000003
498.1184 194.70036 -161.4663 7 4 0.09390625 0.40609375000000003
518.34906 199.9482 -158.15788 7 4 0.09390625 0.40609375000000003
538.15027 205.24583 -154.9884 7 4 0.09390625 0.40609375000000003
558.1509 210.34938 -151.94339 7 4 0.09390625 0.40609375000000003
578.2584 215.29489 -148.58128 7 4 0.09390625 0.40609375000000003
598.3687 220.121 -145.31287 7 4 0.09390625 0.40609375000000003
618.78455 224.71677 -142.27554 7 4 0.09390625 0.40609375000000003
638.8402 229.32407 -139.00961 7 4 0.09390625 0.40609375000000003
659.2129 233.697 -135.73982 7 4 0.09390625 0.40609375000000003
679.2254 238.07597 -132.49849 7 4 0.09390625 0.40609375000000003
699.66516 242.18277 -129.20598 7 4 0.09390625 0.40609375000000003
720.0988 246.17009 -126.147385 7 4 0.09390625 0.40609375000000003
740.4845 250.05095 -122.79989 7 4 0.09390625 0.40609375000000003
760.8112 253.8275 -119.68446 7 4 0.09390625 0.40609375000000003
781.5061 257.35733 -116.276436 7 4 0.09390625 0.40609375000000003
801.927 260.853 -113.08714 7 4 0.09390625 0.40609375000000003
-65.946396 -125.27305 -248.59613 8 6 0.21890625 0.53109375
-86.30057 -161.14906 -303.0031 8 6 0.21890625 0.53109375
-96.734116 -178.78229 -329.96777 8 6 0.21890625 0.53109375
-107.1668 -196.53157 -357.2661 8 6 0.21890625 0.53109375
-117.58112 -214.42438 -384.2559 8 6 0.21890625 0.53109375
-128.19221 -232.06679 -411.48212 8 6 0.21890625 0.53109375
-138.95222 -249.54831 -438.5555 8 6 0.21890625 0.53109375
-149.70035 -267.15747 -465.7347 8 6 0.21890625 0.53109375
-171.52441 -302.10184 -519.88104 8 6 0.21890625 0.53109375
-182.5951 -319.44656 -546.9624 8 6 0.21890625 0.53109375
-193.755 -336.735 -574.01227 8 6 0.21890625 0.53109375
-204.8119 -354.29886 -601.1388 8 6 0.21890625 0.53109375
-216.14113 -371.48676 -628.55365 8 6 0.21890625 0.53109375
-227.57704 -388.5867 -655.59955 8 6 0.21890625 0.53109375
-239.06958 -405.6837 -682.7569 8 6 0.21890625 0.53109375
-250.59117 -422.8227 -709.7171 8 6 0.21890625 0.53109375
-262.27072 -439.78513 -736.9015 8 6 0.21890625 0.53109375
-273.96518 -456.81116 -764.0571 8 6 0.21890625 0.53109375
-285.76642 -473.74567 -791.2784 8 6 0.21890625 0.53109375
-297.766 -490.4378 -818.4304 8 6 0.21890625 0.53109375
-309.61853 -507.45615 -845.6154 8 6 0.21890625 0.53109375
-321.71634 -524.1543 -872.6649 8 6 0.21890625 0.53109375
-333.8302 -540.90753 -899.9946 8 6 0.21890625 0.53109375
-346.18628 -557.34894 -927.0651 8 6 0.21890625 0.53109375
-358.48065 -573.9691 -954.36426 8 6 0.21890625 0.53109375
-370.8825 -590.49396 -981.6355 8 6 0.21890625 0.53109375
-383.4001 -606.9104 -1008.8285 8 6 0.21890625 0.53109375
-395.87784 -623.4637 -1035.9465 8 6 0.21890625 0.53109375
-408.6185 -639.67584 -1063.0986 8 6 0.21890625 0.53109375
-421.14307 -656.2968 -1090.3217 8 6 0.21890625 0.53109375
-434.149 -672.2383 -1117.5322 8 6 0.21890625 0.53109375
-447.09402 -688.3449 -1144.7113 8 6 0.21890625 0.53109375
-460.0336 -704.5275 -1171.9596 8 6 0.21890625 0.53109375
133.75769 17.385153 211.18004 9 16 0.84390625 1.0
154.29001 20.311123 210.43625 9 16 0.84390625 1.0
174.57715 23.628244 209.55289 9 16 0.84390625 1.0
194.66411 27.331947 208.67688 9 16 0.84390625 1.0
215.13255 31.33951 208.00226 9 16 0.84390625 1.0
235.21774 35.758694 206.94073 9 16 0.84390625 1.0
255.40182 40.51841 206.25406 9 16 0.84390625 1.0
275.52322 45.641254 205.56685 9 16 0.84390625 1.0
295.54935 51.131783 204.63376 9 16 0.84390625 1.0
315.5673 56.973778 203.721 9 16 0.84390625 1.0
335.42297 63.1936 203.05309 9 16 0.84390625 1.0
355.19208 69.77717 202.03542 9 16 0.84390625 1.0
374.9295 76.71209 201.2882 9 16 0.84390625 1.0
394.17645 84.09341 200.35034 9 16 0.84390625 1.0
413.9257 91.709885 199.91313 9 16 0.84390625 1.0
433.16998 99.77657 198.67796 9 16 0.84390625 1.0
452.40482 108.184006 198.11604 9 16 0.84390625 1.0
471.66595 116.91917 197.01147 9 16 0.84390625 1.0
490.60336 126.0666 196.27379 9 16 0.84390625 1.0
509.29767 135.6087 195.26555 9 16 0.84390625 1.0
528.0806 145.4557 194.71043 9 16 0.84390625 1.0
546.8284 155.63495 193.91815 9 16 0.84390625 1.0
565.25745 166.22508 193.02235 9 16 0.84390625 1.0
583.6592 177.14064 192.22311 9 16 0.84390625 1.0
601.7394 188.46829 191.33324 9 16 0.84390625 1.0
619.6875 200.14961 190.31793 9 16 0.84390625 1.0
637.5808 212.15585 189.59555 9 16 0.84390625 1.0
655.05927 224.60489 188.85246 9 16 0.84390625 1.0
672.61176 237.3291 187.8759 9 16 0.84390625 1.0
689.93634 250.42801 186.91844 9 16 0.84390625 1.0
706.9047 263.94827 186.2095 9 16 0.84390625 1.0
723.7237 277.81296 185.26772 9 16 0.84390625 1.0
740.5223 291.96695 184.40935 9 16 0.84390625 1.0
756.8881 306.5685 183.42857 9 16 0.84390625 1.0
773.0444 321.529 182.45956 9 16 0.84390625 1.0
-135.89972 28.765142 -136.60155 10 13 0.65640625 0.96859375
-156.02351 32.67612 -133.48656 10 13 0.65640625 0.96859375
-176.22597 36.934002 -130.6983 10 13 0.65640625 0.96859375
-196.34709 41.571278 -127.42482 10 13 0.65640625 0.96859375
-216.31107 46.602962 -124.51539 10 13 0.65640625 0.96859375
-236.31932 51.984505 -121.55139 10 13 0.65640625 0.96859375
-256.3848 57.70973 -118.25536 10 13 0.65640625 0.96859375
-276.16086 63.854607 -115.44022 10 13 0.65640625 0.96859375
-295.75476 70.39573 -112.39553 10 13 0.65640625 0.96859375
-315.5524 77.238846 -109.32726 10 13 0.65640625 0.96859375
-334.96466 84.52429 -106.19399 10 13 0.65640625 0.96859375
-354.21576 92.19833 -103.29099 10 13 0.65640625 0.96859375
-373.5688 100.18992 -100.25049 10 13 0.65640625 0.96859375
-392.91995 108.520584 -97.19545 10 13 0.65640625 0.96859375
-411.96332 117.27238 -94.040184 10 13 0.65640625 0.96859375
-430.93893 126.37745 -90.87997 10 13 0.65640625 0.96859375
-449.62967 135.89761 -87.95753 10 13 0.65640625 0.96859375
-468.18127 145.78926 -84.89617 10 13 0.65640625 0.96859375
-486.5998 156.04813 -81.80649 10 13 0.65640625 0.96859375
-504.9899 166.63686 -78.69151 10 13 0.65640625 0.96859375
-523.1287 177.62512 -75.58964 10 13 0.65640625 0.96859375
-541.11096 188.97992 -72.51729 10 13 0.65640625 0.96859375
-558.85504 200.72758 -69.43535 10 13 0.65640625 0.96859375
-576.60345 212.77785 -66.1914 10 13 0.65640625 0.96859375
-593.9478 225.27725 -63.065746 10 13 0.65640625 0.96859375
-628.24457 251.31029 -56.76977 10 13 0.65640625 0.96859375
-661.7705 278.79214 -50.404778 10 13 0.65640625 0.96859375
-678.2035 293.08472 -47.223766 10 13 0.65640625 0.96859375
-694.2703 307.80524 -44.167885 10 13 0.65640625 0.96859375
-710.31616 322.79788 -40.99041 10 13 0.65640625 0.96859375
-725.9203 338.24774 -37.663364 10 13 0.65640625 0.96859375
-756.8055 370.0404 -31.219824 10 13 0.65640625 0.96859375
50.81481 135.35484 -665.0258 11 16 0.84390625 1.0
58.499546 154.31477 -794.2736 11 16 0.84390625 1.0
65.84317 173.73404 -923.5195 11 16 0.84390625 1.0
73.03978 193.09589 -1052.9814 11 16 0.84390625 1.0
79.990845 212.65823 -1182.2898 11 16 0.84390625 1.0
86.9258 231.80779 -1311.694 11 16 0.84390625 1.0
93.49395 251.47366 -1441.1737 11 16 0.84390625 1.0
99.92079 271.0511 -1570.7798 11 16 0.84390625 1.0
106.121086 290.76547 -1700.3005 11 16 0.84390625 1.0
112.16991 310.40735 -1830.0181 11 16 0.84390625 1.0
117.87849 330.49686 -1959.5573 11 16 0.84390625 1.0
123.532684 350.2335 -2089.4314 11 16 0.84390625 1.0
128.89285 370.28583 -2219.377 11 16 0.84390625 1.0
134.1293 390.16437 -2348.881 11 16 0.84390625 1.0
-145.74086 15.509436 1058.8843 12 10 0.46890624999999997 0.78109375
-166.46957 15.248718 1189.031 12 10 0.46890624999999997 0.78109375
-187.02628 14.704666 1319.3528 12 10 0.46890624999999997 0.78109375
-207.79385 13.844561 1449.7151 12 10 0.46890624999999997 0.78109375
-228.30646 12.701025 1580.2706 12 10 0.46890624999999997 0.78109375
-248.76366 11.256437 1710.5466 12 10 0.46890624999999997 0.78109375
-269.53812 9.49597 1841.3782 12 10 0.46890624999999997 0.78109375
-290.0681 7.4432435 1971.8457 12 10 0.46890624999999997 0.78109375
-310.51984 5.088586 2102.7185 12 10 0.46890624999999997 0.78109375
-331.21906 2.4276607 2233.3787 12 10 0.46890624999999997 0.78109375
-351.64218 -0.5334464 2364.3342 12 10 0.46890624999999997 0.78109375
-14.886365 143.14136 232.79115 13 7 0.28140624999999997 0.59359375
-17.5632 163.67168 235.80225 13 7 0.28140624999999997 0.59359375
-20.135992 184.22728 238.88306 13 7 0.28140624999999997 0.59359375
-22.619143 204.68011 241.72112 13 7 0.28140624999999997 0.59359375
-25.024446 224.92712 244.5547 13 7 0.28140624999999997 0.59359375
-27.284313 245.57542 247.57341 13 7 0.28140624999999997 0.59359375
-29.46671 266.01218 250.34962 13 7 0.28140624999999997 0.59359375
-31.54265 286.49707 253.13722 13 7 0.28140624999999997 0.59359375
-33.51379 307.01453 256.1564 13 7 0.28140624999999997 0.59359375
-35.38822 327.48923 259.0294 13 7 0.28140624999999997 0.59359375
-37.161633 347.95862 262.17163 13 7 0.28140624999999997 0.59359375
-38.833717 368.42383 264.88046 13 7 0.28140624999999997 0.59359375
-40.376686 389.15067 267.99323 13 7 0.28140624999999997 0.59359375
-41.8355 409.7099 270.97223 13 7 0.28140624999999997 0.59359375
-43.193413 430.2585 273.748 13 7 0.28140624999999997 0.59359375
-44.456493 450.73282 276.81915 13 7 0.28140624999999997 0.59359375
-46.634304 492.10748 282.74567 13 7 0.28140624999999997 0.59359375
-47.572395 512.7706 285.75488 13 7 0.28140624999999997 0.59359375
-48.42465 533.2524 288.54095 13 7 0.28140624999999997 0.59359375
-49.190887 553.5404 291.52945 13 7 0.28140624999999997 0.59359375
-49.785713 574.60425 294.37415 13 7 0.28140624999999997 0.59359375
-50.321262 595.17395 297.31403 13 7 0.28140624999999997 0.59359375
-50.757954 615.69 300.18802 13 7 0.28140624999999997 0.59359375
-51.084026 636.29285 303.28723 13 7 0.28140624999999997 0.59359375
-51.286945 657.14844 306.24802 13 7 0.28140624999999997 0.59359375
-51.40843 677.7273 309.14954 13 7 0.28140624999999997 0.59359375
-51.416264 698.44006 312.03864 13 7 0.28140624999999997 0.59359375
-51.3258 719.0826 314.78815 13 7 0.28140624999999997 0.59359375
-51.118095 739.92035 318.0536 13 7 0.28140624999999997 0.59359375
-50.832993 760.3755 320.8807 13 7 0.28140624999999997 0.59359375
-50.43672 780.9286 323.74072 13 7 0.28140624999999997 0.59359375
-49.913494 801.8422 326.7954 13 7 0.28140624999999997 0.59359375
-49.32165 822.18317 329.72552 13 7 0.28140624999999997 0.59359375
-48.59005 843.11487 332.66312 13 7 0.28140624999999997 0.59359375
-128.85681 -76.87538 412.62918 14 14 0.71890625 1.0
-144.6468 -90.41154 429.0397 14 14 0.71890625 1.0
-159.9013 -104.64848 446.0906 14 14 0.71890625 1.0
-174.88023 -119.385185 463.02054 14 14 0.71890625 1.0
-189.19774 -134.84637 479.9814 14 14 0.71890625 1.0
-203.00014 -150.90373 497.08963 14 14 0.71890625 1.0
-216.03242 -167.71837 514.1722 14 14 0.71890625 1.0
-228.68146 -184.96097 531.43524 14 14 0.71890625 1.0
-240.38908 -203.0433 548.7373 14 14 0.71890625 1.0
-251.4855 -221.66832 566.25305 14 14 0.71890625 1.0
-261.8471 -240.90308 583.6819 14 14 0.71890625 1.0
-271.65134 -260.5388 601.56396 14 14 0.71890625 1.0
-280.55267 -280.8541 619.3136 14 14 0.71890625 1.0
-288.64774 -301.7166 637.32794 14 14 0.71890625 1.0
-295.8481 -323.17145 655.7432 14 14 0.71890625 1.0
-302.4564 -344.82568 673.9576 14 14 0.71890625 1.0
-307.7314 -367.4593 692.47504 14 14 0.71890625 1.0
-312.22818 -390.3807 711.3562 14 14 0.71890625 1.0
-315.78494 -413.6999 730.3945 14 14 0.71890625 1.0
-318.3207 -437.43753 749.7965 14 14 0.71890625 1.0
-319.64825 -461.7705 769.161 14 14 0.71890625 1.0
-319.98956 -486.28842 789.1132 14 14 0.71890625 1.0
-319.069 -511.28458 809.23206 14 14 0.71890625 1.0
-316.73083 -536.9125 830.01074 14 14 0.71890625 1.0
-313.14185 -562.77673 850.65436 14 14 0.71890625 1.0
-308.44696 -588.41516 872.24567 14 14 0.71890625 1.0
-301.9622 -614.91986 894.03284 14 14 0.71890625 1.0
-294.03992 -641.4206 916.1449 14 14 0.71890625 1.0
-284.48962 -668.0361 939.2796 14 14 0.71890625 1.0
-273.02618 -695.13983 962.73303 14 14 0.71890625 1.0
-259.79196 -722.0192 987.0121 14 14 0.71890625 1.0
-244.48946 -748.9701 1011.8526 14 14 0.71890625 1.0
-226.96603 -775.8554 1037.9424 14 14 0.71890625 1.0
-184.33745 -829.17505 1092.8712 14 14 0.71890625 1.0
-118.82346 84.83743 -129.46397 15 11 0.53140625 0.84359375
-135.38551 97.108795 -122.99748 15 11 0.53140625 0.84359375
-152.29791 109.01303 -116.65018 15 11 0.53140625 0.84359375
-169.22353 120.787155 -110.36164 15 11 0.53140625 0.84359375
-186.3217 132.31161 -103.70225 15 11 0.53140625 0.84359375
-203.76566 143.45908 -97.24403 15 11 0.53140625 0.84359375
-221.25752 154.43533 -90.97549 15 11 0.53140625 0.84359375
-256.9824 175.43542 -77.88228 15 11 0.53140625 0.84359375
-275.05643 185.5598 -71.694115 15 11 0.53140625 0.84359375
-293.44595 195.30995 -65.23927 15 11 0.53140625 0.84359375
-311.7745 204.93207 -58.82448 15 11 0.53140625 0.84359375
-330.40765 214.17825 -52.435654 15 11 0.53140625 0.84359375
-349.21057 223.13344 -45.84668 15 11 0.53140625 0.84359375
-368.30682 231.71521 -39.315205 15 11 0.53140625 0.84359375
-387.3058 240.16455 -33.199066 15 11 0.53140625 0.84359375
-406.8269 248.0913 -26.158657 15 11 0.53140625 0.84359375
-426.0356 256.00238 -19.859127 15 11 0.53140625 0.84359375
-445.70908 263.42026 -13.326619 15 11 0.53140625 0.84359375
-465.4368 270.5878 -6.899938 15 11 0.53140625 0.84359375
-485.3988 277.39453 -0.74543697 15 11 0.53140625 0.84359375
-505.32428 283.99045 6.1302767 15 11 0.53140625 0.84359375
-525.5399 290.18506 12.748034 15 11 0.53140625 0.84359375
-545.9853 296.01077 19.401108 15 11 0.53140625 0.84359375
-566.4272 301.5897 25.96036 15 11 0.53140625 0.84359375
-587.02203 306.83115 32.596115 15 11 0.53140625 0.84359375
-607.54315 311.8473 39.1337 15 11 0.53140625 0.84359375
-628.501 316.37045 45.71817 15 11 0.53140625 0.84359375
-649.6054 320.54803 52.517227 15 11 0.53140625 0.84359375
-670.5562 324.5213 59.113796 15 11 0.53140625 0.84359375
-691.88025 328.02747 65.6482 15 11 0.53140625 0.84359375
-713.0147 331.33072 72.36908 15 11 0.53140625 0.84359375
-734.3793 334.22635 79.116264 15 11 0.53140625 0.84359375
-756.0212 336.69193 85.708305 15 11 0.53140625 0.84359375
-777.4541 338.93942 92.470276 15 11 0.53140625 0.84359375
-142.75044 -1.5860645 -137.05058 16 12 0.59390625 0.90609375
-162.96097 -2.4212048 -149.45091 16 12 0.59390625 0.90609375
-183.72488 -3.038502 -161.66307 16 12 0.59390625 0.90609375
-204.32005 -3.4477024 -174.39252 16 12 0.59390625 0.90609375
-224.8957 -3.646374 -186.65398 16 12 0.59390625 0.90609375
-245.59724 -3.6320062 -199.07289 16 12 0.59390625 0.90609375
-266.25485 -3.4072063 -211.59137 16 12 0.59390625 0.90609375
-286.85477 -2.9716654 -223.89426 16 12 0.59390625 0.90609375
-307.4398 -2.3243742 -236.31119 16 12 0.59390625 0.90609375
-327.9021 -1.46543 -248.82645 16 12 0.59390625 0.90609375
-348.72083 -0.39283466 -261.2284 16 12 0.59390625 0.90609375
-369.39545 0.8911089 -273.9111 16 12 0.59390625 0.90609375
-389.96848 2.3877888 -286.28647 16 12 0.59390625 0.90609375
-410.77408 4.0951467 -298.6735 16 12 0.59390625 0.90609375
-431.1444 6.0198393 -311.26328 16 12 0.59390625 0.90609375
-451.81488 8.153936 -323.65628 16 12 0.59390625 0.90609375
-472.49524 10.50023 -336.3369 16 12 0.59390625 0.90609375
-492.89944 13.066159 -348.72717 16 12 0.59390625 0.90609375
-513.4857 15.841142 -361.3122 16 12 0.59390625 0.90609375
-534.01245 18.831263 -373.79382 16 12 0.59390625 0.90609375
-554.65643 22.030207 -386.40146 16 12 0.59390625 0.90609375
-574.99207 25.455091 -398.8058 16 12 0.59390625 0.90609375
-595.284 29.097057 -411.39548 16 12 0.59390625 0.90609375
-616.12476 32.92487 -423.89105 16 12 0.59390625 0.90609375
-636.2825 37.002247 -436.54727 16 12 0.59390625 0.90609375
-656.78204 41.274136 -449.05164 16 12 0.59390625 0.90609375
-677.2727 45.759113 -461.6498 16 12 0.59390625 0.90609375
-697.6521 50.464375 -474.13644 16 12 0.59390625 0.90609375
-717.96356 55.387814 -486.8848 16 12 0.59390625 0.90609375
-738.15344 60.5344 -499.48837 16 12 0.59390625 0.90609375
-758.694 65.86448 -511.91507 16 12 0.59390625 0.90609375
-778.685 71.45501 -524.7659 16 12 0.59390625 0.90609375
-798.86053 77.24263 -537.7674 16 12 0.59390625 0.90609375
-819.16144 83.230064 -550.2683 16 12 0.59390625 0.90609375
-839.12537 89.464165 -562.64294 16 12 0.59390625 0.90609375
-107.29699 96.99618 -134.33057 17 11 0.53140625 0.84359375
-119.92934 113.351654 -128.68709 17 11 0.53140625 0.84359375
-132.4274 129.78786 -122.97845 17 11 0.53140625 0.84359375
-144.24036 146.82693 -117.20226 17 11 0.53140625 0.84359375
-155.79855 164.03632 -111.77482 17 11 0.53140625 0.84359375
-167.09293 181.39934 -105.9326 17 11 0.53140625 0.84359375
-177.77855 199.27644 -100.290634 17 11 0.53140625 0.84359375
-188.2225 217.25182 -94.672005 17 11 0.53140625 0.84359375
-198.07306 235.71333 -88.917015 17 11 0.53140625 0.84359375
-207.66927 254.25072 -83.213135 17 11 0.53140625 0.84359375
-216.80956 273.0862 -77.47891 17 11 0.53140625 0.84359375
-225.42035 292.30362 -71.53375 17 11 0.53140625 0.84359375
-233.71156 311.6186 -65.96868 17 11 0.53140625 0.84359375
-241.44574 331.32773 -60.067318 17 11 0.53140625 0.84359375
-248.83432 351.12952 -54.323853 17 11 0.53140625 0.84359375
-255.6759 371.2869 -48.448357 17 11 0.53140625 0.84359375
-262.14655 391.5305 -42.741047 17 11 0.53140625 0.84359375
-268.1247 412.01703 -36.83806 17 11 0.53140625 0.84359375
-273.66876 432.63797 -31.060146 17 11 0.53140625 0.84359375
-278.59094 453.67334 -24.94288 17 11 0.53140625 0.84359375
-283.13113 474.7198 -19.175209 17 11 0.53140625 0.84359375
-287.06335 496.13025 -13.326033 17 11 0.53140625 0.84359375
-290.4998 517.6995 -7.3111544 17 11 0.53140625 0.84359375
-293.4718 539.34515 -1.1674817 17 11 0.53140625 0.84359375
-295.8513 561.2773 4.6931663 17 11 0.53140625 0.84359375
-299.14478 605.3165 16.615479 17 11 0.53140625 0.84359375
-299.9399 627.59906 23.020718 17 11 0.53140625 0.84359375
-300.13962 650.08356 29.054775 17 11 0.53140625 0.84359375
-299.82654 672.5623 35.28396 17 11 0.53140625 0.84359375
-298.92078 695.17487 41.366325 17 11 0.53140625 0.84359375
-297.37735 717.9988 47.647736 17 11 0.53140625 0.84359375
-295.3104 740.72473 53.90733 17 11 0.53140625 0.84359375
-292.5686 763.68634 60.373512 17 11 0.53140625 0.84359375
-289.22775 786.6563 66.61198 17 11 0.53140625 0.84359375
-46.911636 129.39044 -69.05144 18 9 0.40640624999999997 0.71859375
-54.596096 148.4744 -65.00572 18 9 0.40640624999999997 0.71859375
-62.161427 167.6498 -60.75959 18 9 0.40640624999999997 0.71859375
-69.67341 186.73827 -56.64654 18 9 0.40640624999999997 0.71859375
-77.01172 206.06216 -52.219856 18 9 0.40640624999999997 0.71859375
-84.26297 225.38805 -48.302338 18 9 0.40640624999999997 0.71859375
-91.48014 244.57362 -44.201694 18 9 0.40640624999999997 0.71859375
-98.586334 263.82343 -39.955235 18 9 0.40640624999999997 0.71859375
-105.52378 283.29166 -35.796814 18 9 0.40640624999999997 0.71859375
-112.3454 302.8363 -31.493801 18 9 0.40640624999999997 0.71859375
-119.11345 322.2887 -27.428959 18 9 0.40640624999999997 0.71859375
-125.71933 341.94153 -23.345316 18 9 0.40640624999999997 0.71859375
-132.29942 361.42386 -18.967175 18 9 0.40640624999999997 0.71859375
-138.75375 381.00613 -14.93446 18 9 0.40640624999999997 0.71859375
-145.15009 400.5014 -10.75968 18 9 0.40640624999999997 0.71859375
-151.41286 420.1164 -6.6044207 18 9 0.40640624999999997 0.71859375
-157.49113 439.99393 -2.2951589 18 9 0.40640624999999997 0.71859375
-163.5749 459.6034 1.616852 18 9 0.40640624999999997 0.71859375
-169.545 479.2752 5.663901 18 9 0.40640624999999997 0.71859375
-175.37451 499.0855 10.126008 18 9 0.40640624999999997 0.71859375
-181.08516 518.97327 14.140919 18 9 0.40640624999999997 0.71859375
-186.71484 538.82904 18.472912 18 9 0.40640624999999997 0.71859375
-192.22452 558.7641 22.699791 18 9 0.40640624999999997 0.71859375
-197.643 578.69403 26.83726 18 9 0.40640624999999997 0.71859375
-202.95209 598.6709 31.027546 18 9 0.40640624999999997 0.71859375
-208.17242 618.6326 34.97882 18 9 0.40640624999999997 0.71859375
-213.23552 638.78235 39.154087 18 9 0.40640624999999997 0.71859375
-218.19577 658.9586 43.266075 18 9 0.40640624999999997 0.71859375
-223.19235 678.737 47.548496 18 9 0.40640624999999997 0.71859375
-228.01384 698.7546 51.779667 18 9 0.40640624999999997 0.71859375
-232.70465 718.87805 55.783035 18 9 0.40640624999999997 0.71859375
-237.18582 739.3544 60.13053 18 9 0.40640624999999997 0.71859375
-241.73851 759.3073 64.34361 18 9 0.40640624999999997 0.71859375
-246.00809 779.8455 68.49352 18 9 0.40640624999999997 0.71859375
-250.33015 799.9098 72.533775 18 9 0.40640624999999997 0.71859375
148.77812 13.103021 -120.34205 19 6 0.21890625 0.53109375
169.0123 15.177353 -129.21143 19 6 0.21890625 0.53109375
189.62126 17.363695 -138.42337 19 6 0.21890625 0.53109375
210.0807 19.708809 -147.22705 19 6 0.21890625 0.53109375
230.44353 22.208391 -156.31017 19 6 0.21890625 0.53109375
250.94913 24.839298 -165.19319 19 6 0.21890625 0.53109375
271.26447 27.634012 -174.0712 19 6 0.21890625 0.53109375
291.5962 30.572285 -183.05476 19 6 0.21890625 0.53109375
312.29843 33.61556 -191.85121 19 6 0.21890625 0.53109375
332.2396 36.885544 -200.93318 19 6 0.21890625 0.53109375
352.88367 40.2222 -209.69688 19 6 0.21890625 0.53109375
373.22705 43.73613 -218.9755 19 6 0.21890625 0.53109375
393.65356 47.38368 -227.73274 19 6 0.21890625 0.53109375
413.85773 51.201466 -236.7101 19 6 0.21890625 0.53109375
434.02072 55.168327 -245.66035 19 6 0.21890625 0.53109375
454.4132 59.249016 -254.70128 19 6 0.21890625 0.53109375
474.41696 63.523567 -263.54074 19 6 0.21890625 0.53109375
494.5309 67.92707 -272.5223 19 6 0.21890625 0.53109375
514.999 72.423676 -281.7072 19 6 0.21890625 0.53109375
534.83344 77.1517 -290.52158 19 6 0.21890625 0.53109375
555.0478 81.96765 -299.4868 19 6 0.21890625 0.53109375
575.1714 86.938255 -308.52078 19 6 0.21890625 0.53109375
595.2225 92.06119 -317.548 19 6 0.21890625 0.53109375
615.1039 97.35211 -326.4258 19 6 0.21890625 0.53109375
634.967 102.78786 -335.37152 19 6 0.21890625 0.53109375
655.2411 108.29718 -344.4367 19 6 0.21890625 0.53109375
675.1987 113.99799 -353.33676 19 6 0.21890625 0.53109375
714.9496 125.84742 -371.41357 19 6 0.21890625 0.53109375
734.9165 131.96492 -380.46997 19 6 0.21890625 0.53109375
754.48346 138.2938 -389.53146 19 6 0.21890625 0.53109375
794.029 151.2937 -407.59525 19 6 0.21890625 0.53109375
813.7036 158.01958 -416.70984 19 6 0.21890625 0.53109375
129.9874 -5.5591984 849.5156 20 2 0.0 0.28109375000000003
150.628 -6.0276704 1003.4814 20 2 0.0 0.28109375000000003
171.136 -6.6155047 1157.3641 20 2 0.0 0.28109375000000003
191.8313 -7.310125 1311.3063 20 2 0.0 0.28109375000000003
212.34012 -8.125879 1465.2504 20 2 0.0 0.28109375000000003
253.6169 -10.089241 1773.4939 20 2 0.0 0.28109375000000003
274.1483 -11.246001 1927.5312 20 2 0.0 0.28109375000000003
294.8332 -12.510245 2081.4712 20 2 0.0 0.28109375000000003
315.3969 -13.893327 2235.525 20 2 0.0 0.28109375000000003
-146.68616 -1.3834647 229.9865 21 16 0.84390625 1.0
-166.86774 -5.4857426 231.93929 21 16 0.84390625 1.0
-187.2294 -10.314609 233.78374 21 16 0.84390625 1.0
-207.29733 -15.886981 235.76123 21 16 0.84390625 1.0
-227.16322 -22.203733 237.41496 21 16 0.84390625 1.0
-247.12895 -29.231142 239.71933 21 16 0.84390625 1.0
-266.58957 -37.034843 241.66815 21 16 0.84390625 1.0
-286.01297 -45.557434 243.81346 21 16 0.84390625 1.0
-305.08353 -54.84218 245.62227 21 16 0.84390625 1.0
-324.27005 -64.79933 247.64339 21 16 0.84390625 1.0
-342.67523 -75.60006 249.73953 21 16 0.84390625 1.0
-361.00082 -87.10163 251.58257 21 16 0.84390625 1.0
-378.97778 -99.355606 253.70238 21 16 0.84390625 1.0
-396.597 -112.3601 255.7624 21 16 0.84390625 1.0
-413.9819 -126.07127 257.70142 21 16 0.84390625 1.0
-430.78787 -140.58481 259.97162 21 16 0.84390625 1.0
-447.1466 -155.85783 261.9326 21 16 0.84390625 1.0
-463.10544 -171.86444 264.11365 21 16 0.84390625 1.0
-478.4568 -188.67174 266.14172 21 16 0.84390625 1.0
-493.37173 -206.20459 268.19836 21 16 0.84390625 1.0
-507.7878 -224.47127 270.41364 21 16 0.84390625 1.0
-521.3622 -243.61278 272.61996 21 16 0.84390625 1.0
-534.4837 -263.44006 274.8749 21 16 0.84390625 1.0
-547.0806 -283.95822 276.99673 21 16 0.84390625 1.0
-558.73944 -305.36066 279.12256 21 16 0.84390625 1.0
-569.7403 -327.4816 281.84296 21 16 0.84390625 1.0
-579.8844 -350.40634 284.018 21 16 0.84390625 1.0
-589.0269 -374.2015 286.2546 21 16 0.84390625 1.0
-597.5482 -398.59326 289.08304 21 16 0.84390625 1.0
-604.84155 -423.9391 291.3687 21 16 0.84390625 1.0
-611.2686 -449.95413 293.5529 21 16 0.84390625 1.0
-616.44293 -476.86676 296.32498 21 16 0.84390625 1.0
-620.54535 -504.4857 298.86426 21 16 0.84390625 1.0
-623.2385 -533.01385 301.57422 21 16 0.84390625 1.0
-624.6126 -562.30304 304.30917 21 16 0.84390625 1.0
14.579402 -122.75729 -104.35163 22 4 0.09390625 0.40609375000000003
18.565866 -142.78358 -83.18289 22 4 0.09390625 0.40609375000000003
23.073666 -163.12471 -62.174652 22 4 0.09390625 0.40609375000000003
28.169466 -183.24298 -40.836273 22 4 0.09390625 0.40609375000000003
33.835434 -203.26047 -19.735855 22 4 0.09390625 0.40609375000000003
40.084408 -223.09106 1.5181242 22 4 0.09390625 0.40609375000000003
46.935635 -242.63564 22.725239 22 4 0.09390625 0.40609375000000003
54.25671 -262.55142 44.078037 22 4 0.09390625 0.40609375000000003
62.277607 -281.68616 65.34704 22 4 0.09390625 0.40609375000000003
70.81502 -300.91776 86.89142 22 4 0.09390625 0.40609375000000003
79.89521 -320.08127 108.30762 22 4 0.09390625 0.40609375000000003
89.535034 -339.07935 129.87831 22 4 0.09390625 0.40609375000000003
99.77479 -357.74777 151.60178 22 4 0.09390625 0.40609375000000003
110.63127 -376.03262 173.30507 22 4 0.09390625 0.40609375000000003
122.0057 -394.2616 195.30833 22 4 0.09390625 0.40609375000000003
134.00908 -412.05188 217.13292 22 4 0.09390625 0.40609375000000003
146.5264 -429.75082 238.99402 22 4 0.09390625 0.40609375000000003
159.61475 -447.15897 261.15222 22 4 0.09390625 0.40609375000000003
173.34903 -464.06018 283.54202 22 4 0.09390625 0.40609375000000003
187.6225 -480.7379 305.77045 22 4 0.09390625 0.40609375000000003
202.46121 -497.09985 328.56207 22 4 0.09390625 0.40609375000000003
217.86691 -513.1225 351.00574 22 4 0.09390625 0.40609375000000003
233.83803 -528.7902 373.67523 22 4 0.09390625 0.40609375000000003
250.3212 -544.1991 396.61575 22 4 0.09390625 0.40609375000000003
267.66223 -558.5929 419.83224 22 4 0.09390625 0.40609375000000003
285.15506 -573.44037 443.00934 22 4 0.09390625 0.40609375000000003
303.4517 -587.3623 466.75177 22 4 0.09390625 0.40609375000000003
322.31787 -600.8264 490.22186 22 4 0.09390625 0.40609375000000003
341.7438 -613.8279 513.84515 22 4 0.09390625 0.40609375000000003
361.73807 -626.32654 537.8425 22 4 0.09390625 0.40609375000000003
382.37704 -638.1705 562.0467 22 4 0.09390625 0.40609375000000003
403.48587 -649.6294 586.57697 22 4 0.09390625 0.40609375000000003
425.1853 -660.472 611.2649 22 4 0.09390625 0.40609375000000003
447.3516 -670.85956 636.121 22 4 0.09390625 0.40609375000000003
470.4528 -680.07025 661.40875 22 4 0.09390625 0.40609375000000003
-78.116356 -100.04133 -84.74865 23 13 0.65640625 0.96859375
-90.62781 -116.37709 -74.05535 23 13 0.65640625 0.96859375
-103.27418 -132.62932 -63.332523 23 13 0.65640625 0.96859375
-115.96431 -148.91304 -52.7024 23 13 0.65640625 0.96859375
-128.89308 -164.9753 -41.684586 23 13 0.65640625 0.96859375
-142.10658 -180.756 -31.084492 23 13 0.65640625 0.96859375
-155.29747 -196.64444 -20.491114 23 13 0.65640625 0.96859375
-168.76706 -212.25517 -9.622317 23 13 0.65640625 0.96859375
-182.38243 -227.75485 1.3345569 23 13 0.65640625 0.96859375
-196.00685 -243.31047 11.895015 23 13 0.65640625 0.96859375
-209.9967 -258.47678 22.906574 23 13 0.65640625 0.96859375
-224.10692 -273.55673 33.57531 23 13 0.65640625 0.96859375
-238.23984 -288.66534 44.455036 23 13 0.65640625 0.96859375
-252.62729 -303.5177 55.23205 23 13 0.65640625 0.96859375
-267.0526 -318.3727 66.15062 23 13 0.65640625 0.96859375
-296.75998 -347.19696 87.68388 23 13 0.65640625 0.96859375
-311.63284 -361.6447 98.55765 23 13 0.65640625 0.96859375
-326.77594 -375.8113 109.18702 23 13 0.65640625 0.96859375
-342.01834 -389.8929 120.17909 23 13 0.65640625 0.96859375
-357.46173 -403.7709 131.11285 23 13 0.65640625 0.96859375
-373.01688 -417.54443 142.11491 23 13 0.65640625 0.96859375
-388.7686 -431.11603 152.71822 23 13 0.65640625 0.96859375
-404.6535 -444.55457 163.59851 23 13 0.65640625 0.96859375
-420.71075 -457.81473 174.58482 23 13 0.65640625 0.96859375
-436.96365 -470.8699 185.51749 23 13 0.65640625 0.96859375
-453.24243 -483.90076 196.49078 23 13 0.65640625 0.96859375
-469.58075 -496.86575 207.01587 23 13 0.65640625 0.96859375
-486.20282 -509.52505 218.28954 23 13 0.65640625 0.96859375
-502.82767 -522.1724 229.0868 23 13 0.65640625 0.96859375
-519.74243 -534.5061 239.93831 23 13 0.65640625 0.96859375
-536.74835 -546.7308 250.87527 23 13 0.65640625 0.96859375
-553.8436 -558.8445 261.92682 23 13 0.65640625 0.96859375
-571.2088 -570.66315 273.0504 23 13 0.65640625 0.96859375
-588.61066 -582.41907 284.04346 23 13 0.65640625 0.96859375
-118.41407 71.454704 17.704805 24 7 0.28140624999999997 0.59359375
-136.62859 81.097046 -10.288269 24 7 0.28140624999999997 0.59359375
-154.79884 90.70229 -38.478916 24 7 0.28140624999999997 0.59359375
-172.95367 100.25124 -66.43533 24 7 0.28140624999999997 0.59359375
-191.36528 109.586586 -94.45416 24 7 0.28140624999999997 0.59359375
-209.83539 118.82412 -122.64361 24 7 0.28140624999999997 0.59359375
-228.26442 128.01936 -150.48734 24 7 0.28140624999999997 0.59359375
-246.68434 137.15265 -178.64563 24 7 0.28140624999999997 0.59359375
-265.27612 146.12305 -206.61595 24 7 0.28140624999999997 0.59359375
-302.3271 163.9317 -262.81915 24 7 0.28140624999999997 0.59359375
-321.3014 172.48988 -290.70273 24 7 0.28140624999999997 0.59359375
-358.6107 189.74107 -346.86426 24 7 0.28140624999999997 0.59359375
-377.49548 198.13818 -374.80554 24 7 0.28140624999999997 0.59359375
-396.2024 206.55681 -403.0165 24 7 0.28140624999999997 0.59359375
-415.3122 214.69357 -430.95892 24 7 0.28140624999999997 0.59359375
-434.15536 222.89594 -458.9466 24 7 0.28140624999999997 0.59359375
-452.98132 231.03284 -487.19553 24 7 0.28140624999999997 0.59359375
-472.04602 238.97375 -515.34235 24 7 0.28140624999999997 0.59359375
-491.10165 246.84491 -543.4207 24 7 0.28140624999999997 0.59359375
-510.24948 254.59485 -571.3692 24 7 0.28140624999999997 0.59359375
-529.50226 262.2174 -599.54584 24 7 0.28140624999999997 0.59359375
-548.6392 269.82135 -627.70685 24 7 0.28140624999999997 0.59359375
-567.93677 277.26974 -655.7491 24 7 0.28140624999999997 0.59359375
-587.1832 284.666 -683.778 24 7 0.28140624999999997 0.59359375
-606.5314 291.9353 -711.884 24 7 0.28140624999999997 0.59359375
-625.9386 299.0982 -740.0181 24 7 0.28140624999999997 0.59359375
-645.54816 306.08658 -768.22266 24 7 0.28140624999999997 0.59359375
-664.9612 313.08957 -796.2129 24 7 0.28140624999999997 0.59359375
-684.33484 320.03082 -824.5033 24 7 0.28140624999999997 0.59359375
-703.99194 326.75937 -852.71313 24 7 0.28140624999999997 0.59359375
-723.3673 333.53775 -880.8552 24 7 0.28140624999999997 0.59359375
-743.0086 340.11176 -908.98444 24 7 0.28140624999999997 0.59359375
-762.7835 346.54346 -937.12744 24 7 0.28140624999999997 0.59359375
144.66649 29.896593 224.67761 25 14 0.71890625 1.0
164.80904 33.629944 215.5078 25 14 0.71890625 1.0
185.238 37.191784 206.20926 25 14 0.71890625 1.0
205.59122 40.655857 196.59209 25 14 0.71890625 1.0
225.84924 44.024864 187.50085 25 14 0.71890625 1.0
246.01791 47.296455 178.08952 25 14 0.71890625 1.0
266.7964 50.337288 168.79619 25 14 0.71890625 1.0
286.99164 53.374313 159.4028 25 14 0.71890625 1.0
327.76547 59.030525 140.85233 25 14 0.71890625 1.0
348.26575 61.66508 131.59117 25 14 0.71890625 1.0
368.79333 64.17941 122.26556 25 14 0.71890625 1.0
389.1965 66.599365 112.927666 25 14 0.71890625 1.0
409.74393 68.87827 103.5164 25 14 0.71890625 1.0
430.09665 71.07307 94.36118 25 14 0.71890625 1.0
450.70093 73.10927 85.12104 25 14 0.71890625 1.0
471.25815 75.03633 75.52041 25 14 0.71890625 1.0
512.568 78.508415 56.736282 25 14 0.71890625 1.0
533.01056 80.10055 47.63638 25 14 0.71890625 1.0
553.627 81.54815 38.391838 25 14 0.71890625 1.0
574.1957 82.88445 28.824644 25 14 0.71890625 1.0
594.74896 84.10415 19.445778 25 14 0.71890625 1.0
615.44604 85.18476 10.006457 25 14 0.71890625 1.0
636.0236 86.16295 0.8241598 25 14 0.71890625 1.0
656.73413 87.0039 -8.426706 25 14 0.71890625 1.0
677.3472 87.73835 -17.84045 25 14 0.71890625 1.0
698.1473 88.32917 -27.22452 25 14 0.71890625 1.0
718.6559 88.83687 -36.44894 25 14 0.71890625 1.0
739.5295 89.17942 -45.910202 25 14 0.71890625 1.0
760.148 89.432755 -55.153202 25 14 0.71890625 1.0
780.95435 89.54356 -64.603455 25 14 0.71890625 1.0
801.7009 89.54091 -73.96591 25 14 0.71890625 1.0
822.24554 89.43949 -83.272995 25 14 0.71890625 1.0
843.07983 89.18528 -92.76326 25 14 0.71890625 1.0
-147.48293 24.768833 -96.25997 26 11 0.53140625 0.84359375
-167.96585 27.899273 -84.696945 26 11 0.53140625 0.84359375
-188.00932 30.891779 -73.01832 26 11 0.53140625 0.84359375
-208.53534 33.593227 -61.52326 26 11 0.53140625 0.84359375
-229.29897 36.045677 -50.356136 26 11 0.53140625 0.84359375
-249.50426 38.373188 -38.55975 26 11 0.53140625 0.84359375
-270.0439 40.434643 -26.979519 26 11 0.53140625 0.84359375
-290.81897 42.247463 -15.48031 26 11 0.53140625 0.84359375
-311.25168 43.8952 -3.975237 26 11 0.53140625 0.84359375
-352.4571 46.492764 19.202906 26 11 0.53140625 0.84359375
-373.07687 47.46322 30.658073 26 11 0.53140625 0.84359375
-393.8354 48.198177 42.28405 26 11 0.53140625 0.84359375
-414.53204 48.722336 53.95332 26 11 0.53140625 0.84359375
-435.29358 49.019653 65.44965 26 11 0.53140625 0.84359375
-455.95575 49.107956 77.160965 26 11 0.53140625 0.84359375
-476.6273 48.973785 88.732445 26 11 0.53140625 0.84359375
-497.45575 48.602097 100.25143 26 11 0.53140625 0.84359375
-518.14764 48.02172 111.69925 26 11 0.53140625 0.84359375
-538.9822 47.205414 123.28457 26 11 0.53140625 0.84359375
-559.63245 46.181656 135.14586 26 11 0.53140625 0.84359375
-580.4257 44.92166 146.63387 26 11 0.53140625 0.84359375
-601.1388 43.443153 158.45511 26 11 0.53140625 0.84359375
-622.0282 41.72711 169.8696 26 11 0.53140625 0.84359375
-663.4967 37.638885 193.31519 26 11 0.53140625 0.84359375
-684.1912 35.25658 204.93492 26 11 0.53140625 0.84359375
-705.2248 32.63076 216.56638 26 11 0.53140625 0.84359375
-725.7877 29.799597 228.4726 26 11 0.53140625 0.84359375
-746.52386 26.732285 240.12231 26 11 0.53140625 0.84359375
-767.2243 23.437614 251.79535 26 11 0.53140625 0.84359375
-787.9085 19.914255 263.57925 26 11 0.53140625 0.84359375
-808.608 16.161074 275.27386 26 11 0.53140625 0.84359375
-829.3943 12.177059 287.1627 26 11 0.53140625 0.84359375
-850.12897 7.96473 298.74744 26 11 0.53140625 0.84359375
-132.93327 -0.2976164 48.6388 27 9 0.40640624999999997 0.71859375
-153.54218 0.43700114 69.88126 27 9 0.40640624999999997 0.71859375
-174.22035 1.342225 91.27063 27 9 0.40640624999999997 0.71859375
-194.48463 2.4230497 112.80429 27 9 0.40640624999999997 0.71859375
-215.15085 3.6712608 134.05142 27 9 0.40640624999999997 0.71859375
-235.7711 5.090901 155.13515 27 9 0.40640624999999997 0.71859375
-256.25427 6.684886 176.6627 27 9 0.40640624999999997 0.71859375
-277.06863 8.440647 197.94518 27 9 0.40640624999999997 0.71859375
-297.37476 10.382972 219.1491 27 9 0.40640624999999997 0.71859375
-318.01868 12.485168 240.67422 27 9 0.40640624999999997 0.71859375
-338.38477 14.769501 261.8829 27 9 0.40640624999999997 0.71859375
-359.04526 17.211952 283.1758 27 9 0.40640624999999997 0.71859375
-379.39883 19.839933 304.57278 27 9 0.40640624999999997 0.71859375
-399.87613 22.632822 325.9147 27 9 0.40640624999999997 0.71859375
-420.2566 25.60221 347.29846 27 9 0.40640624999999997 0.71859375
-440.746 28.73566 369.01614 27 9 0.40640624999999997 0.71859375
-461.28854 32.035378 390.05893 27 9 0.40640624999999997 0.71859375
-481.52188 35.5271 411.77304 27 9 0.40640624999999997 0.71859375
-501.9092 39.17834 433.22473 27 9 0.40640624999999997 0.71859375
-522.17896 43.00914 454.1211 27 9 0.40640624999999997 0.71859375
-542.61206 46.99632 475.7899 27 9 0.40640624999999997 0.71859375
-562.87225 51.167973 497.20834 27 9 0.40640624999999997 0.71859375
-603.3924 60.020428 540.23413 27 9 0.40640624999999997 0.71859375
-623.63885 64.70179 561.6158 27 9 0.40640624999999997 0.71859375
-643.78156 69.56303 582.9659 27 9 0.40640624999999997 0.71859375
-684.03485 79.79603 626.05896 27 9 0.40640624999999997 0.71859375
-744.3664 96.412125 690.6426 27 9 0.40640624999999997 0.71859375
-764.3259 102.30522 712.04407 27 9 0.40640624999999997 0.71859375
-784.4147 108.347885 733.54126 27 9 0.40640624999999997 0.71859375
-804.1033 114.613266 755.3886 27 9 0.40640624999999997 0.71859375
131.11882 -30.165909 -90.28628 28 12 0.59390625 0.90609375
150.51347 -37.23449 -95.552185 28 12 0.59390625 0.90609375
188.83632 -52.339817 -106.61182 28 12 0.59390625 0.90609375
207.95694 -60.320614 -112.420525 28 12 0.59390625 0.90609375
226.8083 -68.65296 -118.125435 28 12 0.59390625 0.90609375
245.49805 -77.306465 -123.2707 28 12 0.59390625 0.90609375
264.31018 -86.187614 -129.0049 28 12 0.59390625 0.90609375
282.66977 -95.47974 -134.7181 28 12 0.59390625 0.90609375
301.16498 -104.98646 -140.0676 28 12 0.59390625 0.90609375
319.4762 -114.81143 -145.75415 28 12 0.59390625 0.90609375
355.63312 -135.37978 -156.98918 28 12 0.59390625 0.90609375
373.56973 -146.08348 -162.68767 28 12 0.59390625 0.90609375
391.227 -157.13551 -167.95349 28 12 0.59390625 0.90609375
408.58896 -168.54382 -173.62393 28 12 0.59390625 0.90609375
426.25983 -180.05481 -179.36584 28 12 0.59390625 0.90609375
443.51157 -191.96628 -184.86902 28 12 0.59390625 0.90609375
460.5635 -204.18614 -190.67296 28 12 0.59390625 0.90609375
477.2663 -216.78033 -196.3501 28 12 0.59390625 0.90609375
494.06125 -229.54652 -201.9452 28 12 0.59390625 0.90609375
510.56323 -242.65616 -207.51424 28 12 0.59390625 0.90609375
526.89185 -256.05164 -213.19951 28 12 0.59390625 0.90609375
543.06177 -269.7222 -218.95042 28 12 0.59390625 0.90609375
574.8889 -297.8903 -230.24991 28 12 0.59390625 0.90609375
590.5485 -312.37823 -236.0401 28 12 0.59390625 0.90609375
605.52246 -327.40848 -241.72076 28 12 0.59390625 0.90609375
620.84625 -342.4223 -247.52715 28 12 0.59390625 0.90609375
635.8147 -357.79404 -253.20023 28 12 0.59390625 0.90609375
650.2989 -373.59872 -258.81268 28 12 0.59390625 0.90609375
664.99915 -389.43137 -264.75742 28 12 0.59390625 0.90609375
679.255 -405.6673 -270.63843 28 12 0.59390625 0.90609375
693.17035 -422.24655 -276.39532 28 12 0.59390625 0.90609375
706.966 -439.0317 -282.18793 28 12 0.59390625 0.90609375
56.386837 -129.39696 22.216002 29 8 0.34390624999999997 0.65609375
67.39052 -146.78178 15.291121 29 8 0.34390624999999997 0.65609375
78.54842 -164.06148 8.110528 29 8 0.34390624999999997 0.65609375
89.781746 -181.39456 1.0798496 29 8 0.34390624999999997 0.65609375
101.169655 -198.61067 -5.969994 29 8 0.34390624999999997 0.65609375
112.71352 -215.70811 -13.04393 29 8 0.34390624999999997 0.65609375
124.43149 -232.65334 -20.10379 29 8 0.34390624999999997 0.65609375
136.30165 -249.48839 -27.206367 29 8 0.34390624999999997 0.65609375
148.21693 -266.40454 -34.57256 29 8 0.34390624999999997 0.65609375
160.45009 -282.9093 -41.574894 29 8 0.34390624999999997 0.65609375
172.66289 -299.60364 -48.708195 29 8 0.34390624999999997 0.65609375
185.16934 -315.9357 -55.871563 29 8 0.34390624999999997 0.65609375
197.71837 -332.33798 -62.932514 29 8 0.34390624999999997 0.65609375
210.35114 -348.733 -69.966324 29 8 0.34390624999999997 0.65609375
223.19482 -364.9072 -77.196655 29 8 0.34390624999999997 0.65609375
236.23409 -380.88843 -84.12818 29 8 0.34390624999999997 0.65609375
249.24416 -397.03635 -91.244286 29 8 0.34390624999999997 0.65609375
262.5011 -412.90488 -98.45267 29 8 0.34390624999999997 0.65609375
275.92307 -428.62595 -105.66906 29 8 0.34390624999999997 0.65609375
289.5688 -444.1092 -112.62044 29 8 0.34390624999999997 0.65609375
303.12833 -459.82755 -119.762566 29 8 0.34390624999999997 0.65609375
316.9009 -475.31876 -127.11448 29 8 0.34390624999999997 0.65609375
330.85004 -490.63937 -134.23389 29 8 0.34390624999999997 0.65609375
359.1137 -521.00806 -148.4071 29 8 0.34390624999999997 0.65609375
373.4177 -536.06665 -155.45999 29 8 0.34390624999999997 0.65609375
387.9642 -550.85645 -162.66562 29 8 0.34390624999999997 0.65609375
402.46335 -565.7881 -169.9045 29 8 0.34390624999999997 0.65609375
417.3496 -580.2476 -177.14723 29 8 0.34390624999999997 0.65609375
432.20068 -594.8257 -184.35072 29 8 0.34390624999999997 0.65609375
447.21295 -609.2458 -191.4282 29 8 0.34390624999999997 0.65609375
462.2859 -623.6432 -198.69081 29 8 0.34390624999999997 0.65609375
492.87155 -652.0108 -213.04742 29 8 0.34390624999999997 0.65609375
508.40076 -665.9574 -220.20811 29 8 0.34390624999999997 0.65609375
116.34963 55.229763 -220.0525 30 2 0.0 0.28109375000000003
134.3987 64.715034 -224.24794 30 2 0.0 0.28109375000000003
152.80914 74.09988 -228.26942 30 2 0.0 0.28109375000000003
170.97939 83.67296 -232.39574 30 2 0.0 0.28109375000000003
189.22359 93.281395 -236.52391 30 2 0.0 0.28109375000000003
207.43198 102.97791 -240.58018 30 2 0.0 0.28109375000000003
225.44182 112.84342 -244.79514 30 2 0.0 0.28109375000000003
243.6029 122.70298 -248.63219 30 2 0.0 0.28109375000000003
261.6704 132.67825 -252.61217 30 2 0.0 0.28109375000000003
279.5141 142.83589 -256.96262 30 2 0.0 0.28109375000000003
315.3613 163.2736 -265.05103 30 2 0.0 0.28109375000000003
333.12915 173.6736 -269.41483 30 2 0.0 0.28109375000000003
350.872 184.15323 -273.3586 30 2 0.0 0.28109375000000003
368.7303 194.63768 -277.54193 30 2 0.0 0.28109375000000003
386.17624 205.40538 -281.49255 30 2 0.0 0.28109375000000003
403.8687 216.10716 -285.81113 30 2 0.0 0.28109375000000003
421.63254 226.8339 -290.09753 30 2 0.0 0.28109375000000003
438.8093 237.94075 -293.8448 30 2 0.0 0.28109375000000003
456.35907 248.9092 -298.1992 30 2 0.0 0.28109375000000003
473.76913 260.01584 -302.11044 30 2 0.0 0.28109375000000003
490.95068 271.31027 -306.31223 30 2 0.0 0.28109375000000003
508.17065 282.64554 -310.42087 30 2 0.0 0.28109375000000003
525.5134 293.97302 -314.6248 30 2 0.0 0.28109375000000003
542.67096 305.46393 -318.67734 30 2 0.0 0.28109375000000003
559.87573 316.9875 -322.84863 30 2 0.0 0.28109375000000003
576.8965 328.67404 -326.82983 30 2 0.0 0.28109375000000003
593.94867 340.401 -330.98535 30 2 0.0 0.28109375000000003
610.66565 352.37848 -335.04376 30 2 0.0 0.28109375000000003
627.6756 364.24448 -339.42673 30 2 0.0 0.28109375000000003
644.561 376.2387 -343.28946 30 2 0.0 0.28109375000000003
661.3759 388.32962 -347.54202 30 2 0.0 0.28109375000000003
677.90594 400.64374 -351.51874 30 2 0.0 0.28109375000000003
694.6109 412.90964 -355.77966 30 2 0.0 0.28109375000000003
711.0636 425.3799 -359.66998 30 2 0.0 0.28109375000000003
-131.795 17.854443 -203.7772 31 9 0.40640624999999997 0.71859375
-152.28934 19.777256 -219.31084 31 9 0.40640624999999997 0.71859375
-173.0287 21.47174 -234.80034 31 9 0.40640624999999997 0.71859375
-193.22574 23.03491 -250.23195 31 9 0.40640624999999997 0.71859375
-213.86104 24.345724 -265.54163 31 9 0.40640624999999997 0.71859375
-234.43425 25.464787 -281.09485 31 9 0.40640624999999997 0.71859375
-254.97919 26.386961 -296.5263 31 9 0.40640624999999997 0.71859375
-275.63345 27.097656 -312.08435 31 9 0.40640624999999997 0.71859375
-296.31406 27.605688 -327.56848 31 9 0.40640624999999997 0.71859375
-316.90512 27.921083 -343.10382 31 9 0.40640624999999997 0.71859375
-337.5943 28.026365 -358.51105 31 9 0.40640624999999997 0.71859375
-358.32642 27.926807 -374.0444 31 9 0.40640624999999997 0.71859375
-379.0163 27.628792 -389.6034 31 9 0.40640624999999997 0.71859375
-399.7688 27.1241 -404.98727 31 9 0.40640624999999997 0.71859375
-420.23154 26.435415 -420.42044 31 9 0.40640624999999997 0.71859375
-441.04276 25.521044 -436.1752 31 9 0.40640624999999997 0.71859375
-461.62274 24.41651 -451.30045 31 9 0.40640624999999997 0.71859375
-482.24057 23.105122 -467.25366 31 9 0.40640624999999997 0.71859375
-503.03476 21.581198 -482.64224 31 9 0.40640624999999997 0.71859375
-523.6951 19.85886 -498.42105 31 9 0.40640624999999997 0.71859375
-544.32947 17.932306 -513.9185 31 9 0.40640624999999997 0.71859375
-564.9045 15.80186 -529.57715 31 9 0.40640624999999997 0.71859375
-585.5827 13.462706 -545.0475 31 9 0.40640624999999997 0.71859375
-606.211 10.9189825 -560.7345 31 9 0.40640624999999997 0.71859375
-626.96027 8.167585 -576.20074 31 9 0.40640624999999997 0.71859375
-668.1724 2.0506053 -607.59534 31 9 0.40640624999999997 0.71859375
-688.7741 -1.3176802 -623.28284 31 9 0.40640624999999997 0.71859375
-709.46216 -4.891967 -638.7588 31 9 0.40640624999999997 0.71859375
-729.8271 -8.675812 -654.6942 31 9 0.40640624999999997 0.71859375
-750.3325 -12.6661825 -670.23413 31 9 0.40640624999999997 0.71859375
-770.9186 -16.862206 -686.08093 31 9 0.40640624999999997 0.71859375
-791.35516 -21.26875 -701.8231 31 9 0.40640624999999997 0.71859375
-812.116 -25.872814 -717.53125 31 9 0.40640624999999997 0.71859375
-832.47766 -30.696045 -733.325 31 9 0.40640624999999997 0.71859375
95.43564 -94.070076 282.45618 32 8 0.34390624999999997 0.65609375
110.97435 -107.61117 316.31644 32 8 0.34390624999999997 0.65609375
126.59389 -121.1448 350.53937 32 8 0.34390624999999997 0.65609375
141.89786 -135.04794 384.7147 32 8 0.34390624999999997 0.65609375
156.72836 -149.46062 419.15604 32 8 0.34390624999999997 0.65609375
171.48593 -163.99255 453.1971 32 8 0.34390624999999997 0.65609375
185.73221 -179.05455 487.2861 32 8 0.34390624999999997 0.65609375
199.94768 -194.17657 521.6196 32 8 0.34390624999999997 0.65609375
213.93478 -209.53703 555.9562 32 8 0.34390624999999997 0.65609375
227.29503 -225.51999 590.3848 32 8 0.34390624999999997 0.65609375
240.50313 -241.65132 624.7804 32 8 0.34390624999999997 0.65609375
253.32779 -258.15207 659.40533 32 8 0.34390624999999997 0.65609375
266.0838 -274.69128 693.7968 32 8 0.34390624999999997 0.65609375
278.23618 -291.8094 728.3495 32 8 0.34390624999999997 0.65609375
290.25394 -309.01117 763.16425 32 8 0.34390624999999997 0.65609375
301.96036 -326.4687 798.04736 32 8 0.34390624999999997 0.65609375
313.3286 -344.20044 832.7537 32 8 0.34390624999999997 0.65609375
324.2317 -362.33835 867.65717 32 8 0.34390624999999997 0.65609375
334.77887 -380.75482 902.70715 32 8 0.34390624999999997 0.65609375
345.09848 -399.29144 937.8019 32 8 0.34390624999999997 0.65609375
354.95276 -418.20984 972.8291 32 8 0.34390624999999997 0.65609375
364.44226 -437.385 1008.2801 32 8 0.34390624999999997 0.65609375
373.60358 -456.76096 1043.6226 32 8 0.34390624999999997 0.65609375
382.4768 -476.27316 1079.186 32 8 0.34390624999999997 0.65609375
390.96936 -496.0207 1114.6038 32 8 0.34390624999999997 0.65609375
398.87665 -516.2555 1150.4481 32 8 0.34390624999999997 0.65609375
406.57178 -536.4873 1186.2136 32 8 0.34390624999999997 0.65609375
413.77985 -557.05853 1222.2727 32 8 0.34390624999999997 0.65609375
420.63217 -577.782 1258.2917 32 8 0.34390624999999997 0.65609375
427.00833 -598.80786 1294.5491 32 8 0.34390624999999997 0.65609375
432.93408 -620.08984 1330.9729 32 8 0.34390624999999997 0.65609375
438.62677 -641.29767 1367.5336 32 8 0.34390624999999997 0.65609375
443.63068 -663.0779 1404.2075 32 8 0.34390624999999997 0.65609375
448.35193 -684.8183 1441.1475 32 8 0.34390624999999997 0.65609375
452.4627 -706.99774 1478.1752 32 8 0.34390624999999997 0.65609375
-83.28381 -104.213875 33.207363 33 0 0.0 0.15609375
-96.07727 -120.472626 19.593088 33 0 0.0 0.15609375
-108.63059 -136.89522 5.7143793 33 0 0.0 0.15609375
-120.875015 -153.55496 -8.226713 33 0 0.0 0.15609375
-144.23853 -187.78719 -35.724174 33 0 0.0 0.15609375
-155.38565 -205.29924 -49.495117 33 0 0.0 0.15609375
-166.0915 -223.1715 -63.5425 33 0 0.0 0.15609375
-176.4922 -241.20987 -77.62995 33 0 0.0 0.15609375
-186.58252 -259.4032 -91.32419 33 0 0.0 0.15609375
-196.07841 -278.13492 -105.27971 33 0 0.0 0.15609375
-205.23221 -297.04327 -119.40269 33 0 0.0 0.15609375
-214.18951 -315.89523 -133.24144 33 0 0.0 0.15609375
-222.54044 -335.27515 -147.39331 33 0 0.0 0.15609375
-230.42867 -354.96597 -161.53827 33 0 0.0 0.15609375
-238.04068 -374.66455 -175.66048 33 0 0.0 0.15609375
-245.25227 -394.5404 -189.93633 33 0 0.0 0.15609375
-252.08415 -414.54062 -204.05225 33 0 0.0 0.15609375
-258.23795 -435.14502 -218.304 33 0 0.0 0.15609375
-264.09756 -455.70294 -232.59991 33 0 0.0 0.15609375
-269.34235 -476.74548 -246.77644 33 0 0.0 0.15609375
-274.45288 -497.40506 -261.4645 33 0 0.0 0.15609375
-278.84717 -518.7009 -275.8397 33 0 0.0 0.15609375
-282.86826 -539.9946 -290.4347 33 0 0.0 0.15609375
-286.35492 -561.5677 -304.95978 33 0 0.0 0.15609375
-289.44885 -583.12256 -319.49063 33 0 0.0 0.15609375
-291.99814 -604.9367 -334.2364 33 0 0.0 0.15609375
-293.98294 -627.0385 -349.2424 33 0 0.0 0.15609375
-295.57727 -649.03455 -363.64853 33 0 0.0 0.15609375
-296.59058 -671.30817 -378.65628 33 0 0.0 0.15609375
-297.14752 -693.5557 -393.62686 33 0 0.0 0.15609375
-296.9963 -716.3419 -408.84787 33 0 0.0 0.15609375
-296.49622 -738.7848 -423.8419 33 0 0.0 0.15609375
-295.29727 -761.7088 -438.79364 33 0 0.0 0.15609375
-293.7074 -784.3 -454.41766 33 0 0.0 0.15609375
-42.118324 136.33829 209.4818 34 7 0.28140624999999997 0.59359375
-49.820538 155.51541 209.1901 34 7 0.28140624999999997 0.59359375
-57.74725 174.47946 208.74849 34 7 0.28140624999999997 0.59359375
-65.84447 193.39917 208.16145 34 7 0.28140624999999997 0.59359375
-74.108055 212.28154 207.8546 34 7 0.28140624999999997 0.59359375
-99.903755 268.63956 206.4957 34 7 0.28140624999999997 0.59359375
-108.9227 287.09128 206.1759 34 7 0.28140624999999997 0.59359375
-118.041214 305.66656 205.7168 34 7 0.28140624999999997 0.59359375
-127.37471 324.05887 205.25227 34 7 0.28140624999999997 0.59359375
-136.85481 342.44214 204.76756 34 7 0.28140624999999997 0.59359375
-146.58766 360.54926 204.48164 34 7 0.28140624999999997 0.59359375
-156.3903 378.8303 203.99168 34 7 0.28140624999999997 0.59359375
-166.33253 397.10452 203.49979 34 7 0.28140624999999997 0.59359375
-176.62016 414.88272 203.394 34 7 0.28140624999999997 0.59359375
-186.9455 432.8929 202.78378 34 7 0.28140624999999997 0.59359375
-197.43793 450.82382 202.49454 34 7 0.28140624999999997 0.59359375
-208.28903 468.24173 202.08472 34 7 0.28140624999999997 0.59359375
-219.13307 485.97348 201.58301 34 7 0.28140624999999997 0.59359375
-230.13681 503.63522 200.983 34 7 0.28140624999999997 0.59359375
-241.43024 520.9432 200.7248 34 7 0.28140624999999997 0.59359375
-252.67607 538.62396 200.16032 34 7 0.28140624999999997 0.59359375
-264.28592 555.7915 199.76675 34 7 0.28140624999999997 0.59359375
-276.03036 572.93604 199.30444 34 7 0.28140624999999997 0.59359375
-287.9583 589.952 198.92699 34 7 0.28140624999999997 0.59359375
-300.06702 606.844 198.52228 34 7 0.28140624999999997 0.59359375
-312.28738 623.7487 198.02634 34 7 0.28140624999999997 0.59359375
-324.724 640.4533 197.68716 34 7 0.28140624999999997 0.59359375
-337.2506 657.2052 197.20076 34 7 0.28140624999999997 0.59359375
-349.98914 673.7618 196.80312 34 7 0.28140624999999997 0.59359375
-362.90576 690.1886 196.43575 34 7 0.28140624999999997 0.59359375
-375.9871 706.5093 195.8118 34 7 0.28140624999999997 0.59359375
-389.2331 722.72156 195.55754 34 7 0.28140624999999997 0.59359375
-402.536 739.02106 194.94191 34 7 0.28140624999999997 0.59359375
-43.1513 129.98338 -113.34202 35 11 0.53140625 0.84359375
-46.087925 150.51967 -104.525 35 11 0.53140625 0.84359375
-48.77458 170.91368 -95.450386 35 11 0.53140625 0.84359375
-51.13749 191.39017 -86.61585 35 11 0.53140625 0.84359375
-53.185806 211.91373 -77.656906 35 11 0.53140625 0.84359375
-54.894894 232.58217 -68.7484 35 11 0.53140625 0.84359375
-56.30016 253.24803 -59.90322 35 11 0.53140625 0.84359375
-57.416363 273.8245 -51.015972 35 11 0.53140625 0.84359375
-58.199898 294.50092 -42.18676 35 11 0.53140625 0.84359375
-58.648396 315.2951 -33.326157 35 11 0.53140625 0.84359375
-58.8059 335.96378 -24.251356 35 11 0.53140625 0.84359375
-58.621822 356.77585 -15.374187 35 11 0.53140625 0.84359375
-58.140694 377.45773 -6.5394783 35 11 0.53140625 0.84359375
-57.32214 398.24875 2.3573542 35 11 0.53140625 0.84359375
-56.17103 419.12354 11.50092 35 11 0.53140625 0.84359375
-54.707844 439.9234 20.29654 35 11 0.53140625 0.84359375
-52.890636 460.98126 29.231934 35 11 0.53140625 0.84359375
-48.36477 502.3407 47.426247 35 11 0.53140625 0.84359375
-45.591194 523.1989 56.494648 35 11 0.53140625 0.84359375
-42.50818 543.8173 65.27093 35 11 0.53140625 0.84359375
-39.093136 564.4159 74.56399 35 11 0.53140625 0.84359375
-35.320724 585.39386 83.73793 35 11 0.53140625 0.84359375
-31.23791 606.02216 92.5508 35 11 0.53140625 0.84359375
-26.815231 626.76154 101.919876 35 11 0.53140625 0.84359375
-22.064117 647.35034 111.092125 35 11 0.53140625 0.84359375
-16.971115 668.15265 120.083824 35 11 0.53140625 0.84359375
-11.552415 688.524 129.28203 35 11 0.53140625 0.84359375
-5.792794 708.9608 138.40997 35 11 0.53140625 0.84359375
0.3059389 729.484 147.70758 35 11 0.53140625 0.84359375
6.7420025 750.0189 156.84795 35 11 0.53140625 0.84359375
13.513465 770.63806 165.88727 35 11 0.53140625 0.84359375
20.62792 790.949 175.5323 35 11 0.53140625 0.84359375
28.093807 810.918 184.668 35 11 0.53140625 0.84359375
35.902176 830.9377 193.73283 35 11 0.53140625 0.84359375
73.30169 129.18323 29.75831 36 13 0.65640625 0.96859375
82.526184 147.77705 57.820087 36 13 0.65640625 0.96859375
91.53697 166.22841 85.84743 36 13 0.65640625 0.96859375
99.95714 185.19951 113.886375 36 13 0.65640625 0.96859375
107.91094 204.45648 141.90958 36 13 0.65640625 0.96859375
115.455605 223.87682 170.31339 36 13 0.65640625 0.96859375
122.66427 243.2955 198.18542 36 13 0.65640625 0.96859375
129.37184 263.01535 226.51024 36 13 0.65640625 0.96859375
135.71347 282.74478 254.81187 36 13 0.65640625 0.96859375
141.3084 303.26636 283.14166 36 13 0.65640625 0.96859375
146.80109 323.19348 311.36423 36 13 0.65640625 0.96859375
151.6618 343.64032 340.1789 36 13 0.65640625 0.96859375
156.08975 364.15353 368.57306 36 13 0.65640625 0.96859375
159.97597 384.96613 396.9273 36 13 0.65640625 0.96859375
163.38043 405.9218 425.77625 36 13 0.65640625 0.96859375
168.72884 448.21185 483.51038 36 13 0.65640625 0.96859375
170.75853 469.26138 512.3972 36 13 0.65640625 0.96859375
172.16464 490.73935 541.44824 36 13 0.65640625 0.96859375
173.04129 512.37744 570.88904 36 13 0.65640625 0.96859375
173.46487 533.9201 599.94037 36 13 0.65640625 0.96859375
173.3166 555.69556 629.3561 36 13 0.65640625 0.96859375
172.76346 577.1346 658.9574 36 13 0.65640625 0.96859375
171.52666 599.1233 688.5639 36 13 0.65640625 0.96859375
169.80104 620.9835 718.2901 36 13 0.65640625 0.96859375
167.4709 643.09595 748.3106 36 13 0.65640625 0.96859375
164.64508 665.0147 778.3876 36 13 0.65640625 0.96859375
161.22707 687.0721 808.3607 36 13 0.65640625 0.96859375
157.23375 709.1675 838.80963 36 13 0.65640625 0.96859375
152.71536 731.01685 869.32794 36 13 0.65640625 0.96859375
147.52853 753.25116 900.1259 36 13 0.65640625 0.96859375
141.79988 775.2051 931.17804 36 13 0.65640625 0.96859375
135.42552 797.36847 962.0775 36 13 0.65640625 0.96859375
128.4704 819.31903 993.26184 36 13 0.65640625 0.96859375
120.886086 841.27155 1024.8943 36 13 0.65640625 0.96859375
-90.74679 -93.81648 396.44498 37 5 0.15640625 0.46859375000000003
-105.64098 -108.086136 413.50046 37 5 0.15640625 0.46859375000000003
-120.91863 -121.967125 430.0548 37 5 0.15640625 0.46859375000000003
-136.47388 -135.56393 446.98077 37 5 0.15640625 0.46859375000000003
-152.10023 -149.074 463.50375 37 5 0.15640625 0.46859375000000003
-168.06416 -162.22629 480.5993 37 5 0.15640625 0.46859375000000003
-184.13957 -175.23361 497.29535 37 5 0.15640625 0.46859375000000003
-200.71786 -187.71805 514.1938 37 5 0.15640625 0.46859375000000003
-217.3787 -200.07219 530.8811 37 5 0.15640625 0.46859375000000003
-234.269 -212.15007 548.0495 37 5 0.15640625 0.46859375000000003
-251.36977 -223.96246 564.8095 37 5 0.15640625 0.46859375000000003
-268.85553 -235.34953 581.64716 37 5 0.15640625 0.46859375000000003
-286.14783 -246.81061 598.47217 37 5 0.15640625 0.46859375000000003
-304.0862 -257.6102 615.75146 37 5 0.15640625 0.46859375000000003
-322.02927 -268.29492 632.3986 37 5 0.15640625 0.46859375000000003
-340.30386 -278.5819 649.398 37 5 0.15640625 0.46859375000000003
-358.73196 -288.61337 666.48376 37 5 0.15640625 0.46859375000000003
-377.19385 -298.4755 683.5946 37 5 0.15640625 0.46859375000000003
-396.0629 -307.8648 700.68634 37 5 0.15640625 0.46859375000000003
-415.14993 -316.92792 717.72955 37 5 0.15640625 0.46859375000000003
-434.41608 -325.68854 734.86926 37 5 0.15640625 0.46859375000000003
-453.76462 -334.21097 752.1861 37 5 0.15640625 0.46859375000000003
-492.84055 -350.4052 786.6547 37 5 0.15640625 0.46859375000000003
-513.1062 -357.6842 804.01843 37 5 0.15640625 0.46859375000000003
-533.1182 -364.93063 820.9769 37 5 0.15640625 0.46859375000000003
-553.3313 -371.81604 838.7607 37 5 0.15640625 0.46859375000000003
-573.9126 -378.22467 856.057 37 5 0.15640625 0.46859375000000003
-594.45715 -384.41937 873.453 37 5 0.15640625 0.46859375000000003
-615.3237 -390.15836 890.9883 37 5 0.15640625 0.46859375000000003
-636.18933 -395.64178 908.5986 37 5 0.15640625 0.46859375000000003
-657.20087 -400.7675 926.08014 37 5 0.15640625 0.46859375000000003
-678.62683 -405.36792 944.1351 37 5 0.15640625 0.46859375000000003
-699.9439 -409.75214 961.6783 37 5 0.15640625 0.46859375000000003
-721.57697 -413.66043 979.3979 37 5 0.15640625 0.46859375000000003
7.2691984 138.24709 203.41669 38 3 0.03140625 0.34359375000000003
6.178668 158.84033 216.42896 38 3 0.03140625 0.34359375000000003
4.9499273 179.21948 228.83743 38 3 0.03140625 0.34359375000000003
3.5689783 199.82317 241.65114 38 3 0.03140625 0.34359375000000003
2.0447805 220.3997 254.2746 38 3 0.03140625 0.34359375000000003
0.37670892 240.96135 267.04474 38 3 0.03140625 0.34359375000000003
-1.4354955 261.49707 279.8141 38 3 0.03140625 0.34359375000000003
-3.3925498 281.97678 292.47052 38 3 0.03140625 0.34359375000000003
-5.4944224 302.4484 305.08032 38 3 0.03140625 0.34359375000000003
-7.739484 322.97546 317.71872 38 3 0.03140625 0.34359375000000003
-10.128486 343.49304 330.5936 38 3 0.03140625 0.34359375000000003
-12.663328 363.9451 343.3896 38 3 0.03140625 0.34359375000000003
-15.348888 384.2293 356.09683 38 3 0.03140625 0.34359375000000003
-18.165794 404.82748 368.56128 38 3 0.03140625 0.34359375000000003
-21.133041 425.25943 381.3384 38 3 0.03140625 0.34359375000000003
-24.24644 445.64163 394.08206 38 3 0.03140625 0.34359375000000003
-27.503801 466.01828 406.8124 38 3 0.03140625 0.34359375000000003
-30.900925 486.45218 419.42087 38 3 0.03140625 0.34359375000000003
-34.427208 507.08377 432.30804 38 3 0.03140625 0.34359375000000003
-38.136192 527.1331 445.14157 38 3 0.03140625 0.34359375000000003
-41.985844 547.2434 457.8953 38 3 0.03140625 0.34359375000000003
-45.951878 567.7007 470.52325 38 3 0.03140625 0.34359375000000003
-50.062145 588.12195 483.19885 38 3 0.03140625 0.34359375000000003
-54.34023 608.2446 496.1988 38 3 0.03140625 0.34359375000000003
-58.755787 628.42957 508.75992 38 3 0.03140625 0.34359375000000003
-63.304924 648.7049 521.5275 38 3 0.03140625 0.34359375000000003
-68.008606 668.8498 534.2053 38 3 0.03140625 0.34359375000000003
-72.842445 689.1064 547.0678 38 3 0.03140625 0.34359375000000003
-77.84059 709.14746 559.82886 38 3 0.03140625 0.34359375000000003
-82.96586 729.31934 572.6532 38 3 0.03140625 0.34359375000000003
-88.25833 749.2646 585.36304 38 3 0.03140625 0.34359375000000003
-93.67107 769.3876 598.3713 38 3 0.03140625 0.34359375000000003
-99.24177 789.36804 611.1118 38 3 0.03140625 0.34359375000000003
-104.95387 809.3432 624.0404 38 3 0.03140625 0.34359375000000003
-110.78332 829.49023 636.69336 38 3 0.03140625 0.34359375000000003
144.9423 28.636803 307.4488 39 14 0.71890625 1.0
164.96059 33.362488 309.71036 39 14 0.71890625 1.0
185.0929 38.22634 311.72052 39 14 0.71890625 1.0
204.98473 43.300766 313.77676 39 14 0.71890625 1.0
225.08022 48.49228 315.87057 39 14 0.71890625 1.0
264.7032 59.47667 320.1377 39 14 0.71890625 1.0
284.4294 65.227135 322.16415 39 14 0.71890625 1.0
304.2276 71.11935 324.42468 39 14 0.71890625 1.0
323.8722 77.20504 326.51907 39 14 0.71890625 1.0
343.87628 83.36069 328.63895 39 14 0.71890625 1.0
363.28818 89.81564 330.88797 39 14 0.71890625 1.0
382.8894 96.38009 332.99838 39 14 0.71890625 1.0
402.42972 103.114456 335.17047 39 14 0.71890625 1.0
421.98584 109.99842 337.3662 39 14 0.71890625 1.0
441.2306 117.11743 339.34497 39 14 0.71890625 1.0
460.68143 124.33489 341.54166 39 14 0.71890625 1.0
518.4217 147.06184 347.80453 39 14 0.71890625 1.0
537.5351 154.9758 350.0122 39 14 0.71890625 1.0
556.6903 163.02654 352.1301 39 14 0.71890625 1.0
575.80255 171.23734 354.4039 39 14 0.71890625 1.0
594.7837 179.63411 356.5268 39 14 0.71890625 1.0
613.58563 188.23204 358.45547 39 14 0.71890625 1.0
632.4264 196.96434 360.6913 39 14 0.71890625 1.0
651.2942 205.8328 362.91168 39 14 0.71890625 1.0
670.151 214.84772 365.0595 39 14 0.71890625 1.0
688.6519 224.1201 367.29752 39 14 0.71890625 1.0
707.12665 233.54459 369.30658 39 14 0.71890625 1.0
725.87195 243.02061 371.42035 39 14 0.71890625 1.0
744.296 252.74382 373.7099 39 14 0.71890625 1.0
762.72504 262.6049 375.94882 39 14 0.71890625 1.0
780.8505 272.7098 378.1386 39 14 0.71890625 1.0
799.2904 282.8426 380.12772 39 14 0.71890625 1.0
82.26395 -119.72193 356.6876 40 7 0.28140624999999997 0.59359375
93.44533 -137.0655 377.55637 40 7 0.28140624999999997 0.59359375
104.79524 -154.23827 398.13882 40 7 0.28140624999999997 0.59359375
116.335655 -171.20598 418.98502 40 7 0.28140624999999997 0.59359375
139.30455 -205.5309 460.3927 40 7 0.28140624999999997 0.59359375
151.08109 -222.37392 481.39517 40 7 0.28140624999999997 0.59359375
162.83347 -239.32536 502.0795 40 7 0.28140624999999997 0.59359375
174.76892 -256.0799 522.7539 40 7 0.28140624999999997 0.59359375
186.74695 -272.8431 543.53265 40 7 0.28140624999999997 0.59359375
198.73581 -289.66003 564.4692 40 7 0.28140624999999997 0.59359375
211.05217 -306.0691 585.2114 40 7 0.28140624999999997 0.59359375
223.18274 -322.8156 605.9694 40 7 0.28140624999999997 0.59359375
235.48859 -339.37427 626.6078 40 7 0.28140624999999997 0.59359375
248.02489 -355.66666 647.31866 40 7 0.28140624999999997 0.59359375
260.5048 -372.10443 668.2208 40 7 0.28140624999999997 0.59359375
273.1132 -388.42117 689.1313 40 7 0.28140624999999997 0.59359375
285.8026 -404.6843 709.7383 40 7 0.28140624999999997 0.59359375
298.6405 -420.79773 730.4862 40 7 0.28140624999999997 0.59359375
311.4756 -436.97433 751.2933 40 7 0.28140624999999997 0.59359375
324.3314 -453.1788 772.12067 40 7 0.28140624999999997 0.59359375
337.39468 -469.14932 793.0659 40 7 0.28140624999999997 0.59359375
350.5198 -485.0893 813.9274 40 7 0.28140624999999997 0.59359375
363.82562 -500.83365 834.51764 40 7 0.28140624999999997 0.59359375
390.42456 -532.49725 876.2986 40 7 0.28140624999999997 0.59359375
417.44403 -563.7864 918.02606 40 7 0.28140624999999997 0.59359375
431.1651 -579.21765 938.66846 40 7 0.28140624999999997 0.59359375
444.90894 -594.6652 959.6544 40 7 0.28140624999999997 0.59359375
458.7125 -610.078 980.2974 40 7 0.28140624999999997 0.59359375
472.64484 -625.36334 1001.2213 40 7 0.28140624999999997 0.59359375
486.56628 -640.7054 1022.12933 40 7 0.28140624999999997 0.59359375
500.66168 -655.8594 1042.8894 40 7 0.28140624999999997 0.59359375
514.91864 -670.8425 1063.969 40 7 0.28140624999999997 0.59359375
79.820625 -111.781105 147.3877 41 8 0.34390624999999997 0.65609375
94.13371 -126.6258 160.05234 41 8 0.34390624999999997 0.65609375
108.72044 -141.12895 172.82417 41 8 0.34390624999999997 0.65609375
123.23266 -155.7545 185.364 41 8 0.34390624999999997 0.65609375
137.83757 -170.2806 197.97934 41 8 0.34390624999999997 0.65609375
152.5364 -184.70744 210.73335 41 8 0.34390624999999997 0.65609375
167.32123 -199.04562 223.49493 41 8 0.34390624999999997 0.65609375
182.1392 -213.35725 236.25539 41 8 0.34390624999999997 0.65609375
197.21701 -227.37817 248.89375 41 8 0.34390624999999997 0.65609375
212.16594 -241.55925 261.40402 41 8 0.34390624999999997 0.65609375
227.06995 -255.7966 274.17148 41 8 0.34390624999999997 0.65609375
242.26694 -269.70944 286.89557 41 8 0.34390624999999997 0.65609375
257.3969 -283.70187 299.45633 41 8 0.34390624999999997 0.65609375
272.65753 -297.5532 312.32623 41 8 0.34390624999999997 0.65609375
288.19662 -311.10516 324.8428 41 8 0.34390624999999997 0.65609375
303.63266 -324.77173 337.7139 41 8 0.34390624999999997 0.65609375
319.04788 -338.46005 350.52637 41 8 0.34390624999999997 0.65609375
334.59048 -352.0112 362.94257 41 8 0.34390624999999997 0.65609375
350.0527 -365.64313 375.82126 41 8 0.34390624999999997 0.65609375
365.85422 -378.91687 388.3998 41 8 0.34390624999999997 0.65609375
381.569 -392.27643 400.9767 41 8 0.34390624999999997 0.65609375
397.4372 -405.4726 413.87244 41 8 0.34390624999999997 0.65609375
413.26038 -418.70773 426.37692 41 8 0.34390624999999997 0.65609375
429.10373 -431.91333 439.24582 41 8 0.34390624999999997 0.65609375
445.39148 -444.66412 452.08914 41 8 0.34390624999999997 0.65609375
461.38083 -457.7043 464.79404 41 8 0.34390624999999997 0.65609375
477.549 -470.55566 477.2292 41 8 0.34390624999999997 0.65609375
493.67035 -483.44073 490.0192 41 8 0.34390624999999997 0.65609375
510.0958 -496.0156 502.57205 41 8 0.34390624999999997 0.65609375
526.3564 -508.7374 515.44055 41 8 0.34390624999999997 0.65609375
542.8489 -521.2203 528.2312 41 8 0.34390624999999997 0.65609375
559.3471 -533.6826 540.8823 41 8 0.34390624999999997 0.65609375
575.7216 -546.2456 553.7581 41 8 0.34390624999999997 0.65609375
592.4199 -558.4835 566.43774 41 8 0.34390624999999997 0.65609375
609.2681 -570.56335 579.1086 41 8 0.34390624999999997 0.65609375
44.896072 133.90236 260.8529 42 15 0.78140625 1.0
53.1631 152.85838 287.38086 42 15 0.78140625 1.0
61.1119 171.92969 313.86923 42 15 0.78140625 1.0
68.82028 190.89278 340.42905 42 15 0.78140625 1.0
76.11197 210.22804 367.253 42 15 0.78140625 1.0
83.027054 229.81041 393.8769 42 15 0.78140625 1.0
89.72003 249.2007 420.6008 42 15 0.78140625 1.0
95.96448 269.01584 447.40823 42 15 0.78140625 1.0
101.84907 289.00095 474.0899 42 15 0.78140625 1.0
107.38903 309.10297 500.71243 42 15 0.78140625 1.0
112.611694 329.23068 527.68604 42 15 0.78140625 1.0
117.53591 349.3117 554.49536 42 15 0.78140625 1.0
122.04932 369.66507 581.48346 42 15 0.78140625 1.0
126.23199 390.04022 608.3536 42 15 0.78140625 1.0
129.98734 410.72412 635.17834 42 15 0.78140625 1.0
133.43907 431.3182 662.41583 42 15 0.78140625 1.0
136.46446 452.20215 689.2178 42 15 0.78140625 1.0
139.20453 472.8984 716.3391 42 15 0.78140625 1.0
143.49126 514.78937 770.6108 42 15 0.78140625 1.0
145.05396 535.90985 798.0711 42 15 0.78140625 1.0
146.23874 557.0967 825.23755 42 15 0.78140625 1.0
147.08759 578.16876 852.6644 42 15 0.78140625 1.0
147.4753 599.6005 880.27563 42 15 0.78140625 1.0
147.4977 621.0032 907.5502 42 15 0.78140625 1.0
147.15921 642.3309 935.2496 42 15 0.78140625 1.0
146.48695 663.42786 962.8827 42 15 0.78140625 1.0
145.33713 684.91943 990.5551 42 15 0.78140625 1.0
143.7387 706.6883 1018.3344 42 15 0.78140625 1.0
141.82074 728.08307 1046.2897 42 15 0.78140625 1.0
139.49852 749.4808 1074.0037 42 15 0.78140625 1.0
133.51723 792.91046 1130.3754 42 15 0.78140625 1.0
125.92595 836.0893 1187.057 42 15 0.78140625 1.0
48.811584 -124.22576 272.07352 43 5 0.15640625 0.46859375000000003
61.076477 -163.1833 268.64612 43 5 0.15640625 0.46859375000000003
66.97691 -182.87407 267.00983 43 5 0.15640625 0.46859375000000003
72.71252 -202.74458 265.40756 43 5 0.15640625 0.46859375000000003
78.39738 -222.47809 263.82596 43 5 0.15640625 0.46859375000000003
83.96616 -242.25302 262.1696 43 5 0.15640625 0.46859375000000003
89.349174 -262.2736 260.45355 43 5 0.15640625 0.46859375000000003
94.70579 -282.07385 258.9666 43 5 0.15640625 0.46859375000000003
99.897606 -302.05972 257.1905 43 5 0.15640625 0.46859375000000003
104.9582 -322.13403 255.64491 43 5 0.15640625 0.46859375000000003
109.96943 -342.04337 254.1746 43 5 0.15640625 0.46859375000000003
119.5069 -382.407 250.87648 43 5 0.15640625 0.46859375000000003
124.23819 -402.2074 249.15616 43 5 0.15640625 0.46859375000000003
128.74954 -422.37674 247.71414 43 5 0.15640625 0.46859375000000003
133.1386 -442.60297 245.93608 43 5 0.15640625 0.46859375000000003
137.4253 -462.81894 244.35751 43 5 0.15640625 0.46859375000000003
141.63281 -482.94302 242.53883 43 5 0.15640625 0.46859375000000003
145.71863 -503.1163 240.9724 43 5 0.15640625 0.46859375000000003
149.66388 -523.4046 239.56982 43 5 0.15640625 0.46859375000000003
153.46375 -543.82733 237.7621 43 5 0.15640625 0.46859375000000003
157.16997 -564.20184 236.1075 43 5 0.15640625 0.46859375000000003
164.31816 -604.7286 233.03027 43 5 0.15640625 0.46859375000000003
167.69682 -625.1069 231.22934 43 5 0.15640625 0.46859375000000003
170.91747 -645.66766 229.68282 43 5 0.15640625 0.46859375000000003
174.09795 -665.96515 227.9663 43 5 0.15640625 0.46859375000000003
177.09549 -686.5402 226.35475 43 5 0.15640625 0.46859375000000003
180.02689 -706.9432 224.76335 43 5 0.15640625 0.46859375000000003
182.80629 -727.5066 223.19276 43 5 0.15640625 0.46859375000000003
185.47766 -748.0576 221.54755 43 5 0.15640625 0.46859375000000003
188.04298 -768.5856 219.92657 43 5 0.15640625 0.46859375000000003
192.77821 -809.8844 216.66603 43 5 0.15640625 0.46859375000000003
64.15479 -124.54547 1.9313406 44 8 0.34390624999999997 0.65609375
75.15374 -141.93387 -8.68096 44 8 0.34390624999999997 0.65609375
96.505196 -177.19543 -29.297518 44 8 0.34390624999999997 0.65609375
106.90535 -194.97092 -39.78743 44 8 0.34390624999999997 0.65609375
117.05915 -212.95192 -50.368504 44 8 0.34390624999999997 0.65609375
127.04921 -230.98396 -60.73128 44 8 0.34390624999999997 0.65609375
136.78775 -249.22287 -71.04108 44 8 0.34390624999999997 0.65609375
146.36424 -267.502 -81.391 44 8 0.34390624999999997 0.65609375
155.74149 -285.8848 -91.706474 44 8 0.34390624999999997 0.65609375
164.84209 -304.50992 -102.34621 44 8 0.34390624999999997 0.65609375
173.79753 -323.13144 -112.59795 44 8 0.34390624999999997 0.65609375
191.06679 -360.72653 -133.79564 44 8 0.34390624999999997 0.65609375
199.31618 -379.8149 -144.16907 44 8 0.34390624999999997 0.65609375
207.48184 -398.76202 -154.52673 44 8 0.34390624999999997 0.65609375
215.2912 -418.08575 -164.93262 44 8 0.34390624999999997 0.65609375
222.9566 -437.3737 -175.56029 44 8 0.34390624999999997 0.65609375
230.3857 -456.80023 -185.93271 44 8 0.34390624999999997 0.65609375
237.62718 -476.26486 -196.2919 44 8 0.34390624999999997 0.65609375
244.60385 -495.91754 -206.72533 44 8 0.34390624999999997 0.65609375
251.46967 -515.44135 -217.14326 44 8 0.34390624999999997 0.65609375
257.92584 -535.4438 -227.60587 44 8 0.34390624999999997 0.65609375
264.32187 -555.20044 -238.4412 44 8 0.34390624999999997 0.65609375
270.374 -575.2975 -248.88113 44 8 0.34390624999999997 0.65609375
281.8529 -615.64636 -269.94595 44 8 0.34390624999999997 0.65609375
287.3631 -635.7013 -280.43665 44 8 0.34390624999999997 0.65609375
292.65967 -655.7975 -291.12335 44 8 0.34390624999999997 0.65609375
297.53336 -676.404 -301.64096 44 8 0.34390624999999997 0.65609375
302.16208 -697.1239 -312.35156 44 8 0.34390624999999997 0.65609375
306.73105 -717.5202 -322.94046 44 8 0.34390624999999997 0.65609375
311.00906 -738.1191 -333.66608 44 8 0.34390624999999997 0.65609375
314.96075 -759.00616 -343.89328 44 8 0.34390624999999997 0.65609375
318.76822 -779.7405 -354.8717 44 8 0.34390624999999997 0.65609375
102.238815 -155.77417 41.245064 45 6 0.21890625 0.53109375
113.80113 -172.69585 52.07099 45 6 0.21890625 0.53109375
125.280685 -189.83073 63.073303 45 6 0.21890625 0.53109375
136.83243 -206.94186 73.98389 45 6 0.21890625 0.53109375
148.57935 -223.84262 84.65793 45 6 0.21890625 0.53109375
160.39978 -240.71628 95.46636 45 6 0.21890625 0.53109375
184.36108 -274.22833 117.354935 45 6 0.21890625 0.53109375
196.53079 -290.82266 128.2218 45 6 0.21890625 0.53109375
208.71013 -307.48044 139.00032 45 6 0.21890625 0.53109375
221.09622 -323.90982 150.06387 45 6 0.21890625 0.53109375
233.3619 -340.58975 160.87175 45 6 0.21890625 0.53109375
245.88104 -356.9717 171.78015 45 6 0.21890625 0.53109375
258.41354 -373.40512 182.39284 45 6 0.21890625 0.53109375
271.21838 -389.51532 193.51859 45 6 0.21890625 0.53109375
284.008 -405.71622 204.21 45 6 0.21890625 0.53109375
296.9112 -421.82144 215.25513 45 6 0.21890625 0.53109375
309.8679 -437.91537 226.19414 45 6 0.21890625 0.53109375
322.88666 -453.98425 237.17506 45 6 0.21890625 0.53109375
336.15906 -469.75864 247.75273 45 6 0.21890625 0.53109375
349.49127 -485.51083 258.75772 45 6 0.21890625 0.53109375
362.8158 -501.33237 269.67975 45 6 0.21890625 0.53109375
376.33322 -516.94446 280.63895 45 6 0.21890625 0.53109375
389.93445 -532.4976 291.33746 45 6 0.21890625 0.53109375
403.54404 -548.0932 302.26492 45 6 0.21890625 0.53109375
417.18246 -563.70074 313.35806 45 6 0.21890625 0.53109375
431.148 -578.91736 324.1395 45 6 0.21890625 0.53109375
444.97278 -594.3723 335.0965 45 6 0.21890625 0.53109375
458.97812 -609.6328 345.92484 45 6 0.21890625 0.53109375
473.19406 -624.6604 356.98752 45 6 0.21890625 0.53109375
501.62494 -654.85 378.73184 45 6 0.21890625 0.53109375
516.18896 -669.5532 389.6788 45 6 0.21890625 0.53109375
145.4392 34.335938 230.12535 46 3 0.03140625 0.34359375000000003
165.23485 39.962452 246.91083 46 3 0.03140625 0.34359375000000003
185.001 45.694687 263.494 46 3 0.03140625 0.34359375000000003
204.72337 51.53601 280.1958 46 3 0.03140625 0.34359375000000003
224.54941 57.448647 296.70868 46 3 0.03140625 0.34359375000000003
244.21964 63.498196 313.59964 46 3 0.03140625 0.34359375000000003
264.0663 69.59827 330.24756 46 3 0.03140625 0.34359375000000003
283.4365 75.92112 346.80045 46 3 0.03140625 0.34359375000000003
303.07516 82.269295 363.36545 46 3 0.03140625 0.34359375000000003
322.65967 88.72799 380.22574 46 3 0.03140625 0.34359375000000003
342.11542 95.31801 396.70087 46 3 0.03140625 0.34359375000000003
361.6219 101.98953 413.56558 46 3 0.03140625 0.34359375000000003
400.46143 115.66671 446.801 46 3 0.03140625 0.34359375000000003
419.81732 122.66574 463.37054 46 3 0.03140625 0.34359375000000003
439.1823 129.75626 480.1714 46 3 0.03140625 0.34359375000000003
458.61618 136.91978 496.90903 46 3 0.03140625 0.34359375000000003
477.928 144.21268 513.4885 46 3 0.03140625 0.34359375000000003
496.9547 151.68527 530.0647 46 3 0.03140625 0.34359375000000003
516.3494 159.13849 546.8023 46 3 0.03140625 0.34359375000000003
535.6737 166.70467 563.45465 46 3 0.03140625 0.34359375000000003
554.65424 174.4699 579.99927 46 3 0.03140625 0.34359375000000003
573.80316 182.27414 596.9405 46 3 0.03140625 0.34359375000000003
592.9106 190.18256 613.7804 46 3 0.03140625 0.34359375000000003
611.90985 198.21652 630.27954 46 3 0.03140625 0.34359375000000003
630.982 206.31725 646.96735 46 3 0.03140625 0.34359375000000003
649.7943 214.59326 663.9312 46 3 0.03140625 0.34359375000000003
668.6882 222.93263 680.4108 46 3 0.03140625 0.34359375000000003
687.57916 231.36235 697.08765 46 3 0.03140625 0.34359375000000003
706.4562 239.8856 713.9539 46 3 0.03140625 0.34359375000000003
725.30176 248.50787 730.4839 46 3 0.03140625 0.34359375000000003
744.0547 257.24997 747.20624 46 3 0.03140625 0.34359375000000003
762.8563 266.0628 764.10046 46 3 0.03140625 0.34359375000000003
781.4743 275.02707 780.76276 46 3 0.03140625 0.34359375000000003
800.0275 284.10156 797.44464 46 3 0.03140625 0.34359375000000003
103.88168 99.78438 -129.06624 47 12 0.59390625 0.90609375
121.61882 110.64161 -140.4356 47 12 0.59390625 0.90609375
139.73276 120.91372 -151.4615 47 12 0.59390625 0.90609375
158.50381 130.32932 -163.06583 47 12 0.59390625 0.90609375
177.41783 139.28677 -174.60788 47 12 0.59390625 0.90609375
196.89276 147.41132 -185.93109 47 12 0.59390625 0.90609375
216.71748 154.83978 -197.50049 47 12 0.59390625 0.90609375
236.7235 161.65239 -209.16966 47 12 0.59390625 0.90609375
257.34436 167.51836 -220.76692 47 12 0.59390625 0.90609375
278.50638 172.47665 -232.60034 47 12 0.59390625 0.90609375
299.59937 176.87404 -244.26428 47 12 0.59390625 0.90609375
321.13562 180.3569 -256.0704 47 12 0.59390625 0.90609375
342.76627 183.0915 -268.084 47 12 0.59390625 0.90609375
364.68262 184.93277 -280.07507 47 12 0.59390625 0.90609375
387.24075 185.67865 -292.2138 47 12 0.59390625 0.90609375
409.76733 185.63206 -304.42535 47 12 0.59390625 0.90609375
432.38028 184.68759 -316.88214 47 12 0.59390625 0.90609375
455.4173 182.665 -329.19196 47 12 0.59390625 0.90609375
478.26935 179.77519 -341.9851 47 12 0.59390625 0.90609375
501.24384 175.84639 -354.7134 47 12 0.59390625 0.90609375
524.36444 170.83084 -367.5056 47 12 0.59390625 0.90609375
547.7776 164.64664 -380.67404 47 12 0.59390625 0.90609375
571.16156 157.35568 -393.85883 47 12 0.59390625 0.90609375
617.69403 139.28398 -421.40268 47 12 0.59390625 0.90609375
640.5915 128.44452 -435.07642 47 12 0.59390625 0.90609375
663.6375 116.243385 -449.16718 47 12 0.59390625 0.90609375
709.0925 87.73594 -478.47412 47 12 0.59390625 0.90609375
731.2575 71.3184 -493.68378 47 12 0.59390625 0.90609375
753.1326 53.34235 -508.82147 47 12 0.59390625 0.90609375
774.6607 33.73176 -524.7399 47 12 0.59390625 0.90609375
795.5927 12.404428 -541.0569 47 12 0.59390625 0.90609375
815.93274 -10.750647 -557.67633 47 12 0.59390625 0.90609375
835.7894 -35.84505 -575.18933 47 12 0.59390625 0.90609375
-19.321188 147.04774 92.14405 48 16 0.84390625 1.0
-22.778265 167.2387 73.78819 48 16 0.84390625 1.0
-26.604328 187.55487 55.83316 48 16 0.84390625 1.0
-30.802042 207.95067 37.507145 48 16 0.84390625 1.0
-35.449448 227.89757 18.83211 48 16 0.84390625 1.0
-40.420372 248.21483 0.65546125 48 16 0.84390625 1.0
-45.83234 268.14795 -17.833855 48 16 0.84390625 1.0
-51.624012 288.0736 -36.182148 48 16 0.84390625 1.0
-57.83968 307.73907 -54.761906 48 16 0.84390625 1.0
-64.410995 327.5082 -72.90319 48 16 0.84390625 1.0
-71.35139 347.28326 -91.53788 48 16 0.84390625 1.0
-78.72023 366.76703 -109.93689 48 16 0.84390625 1.0
-86.48873 386.10382 -128.55182 48 16 0.84390625 1.0
-94.60811 405.49997 -147.1159 48 16 0.84390625 1.0
-103.13856 424.6798 -165.72043 48 16 0.84390625 1.0
-112.04272 443.79446 -184.48904 48 16 0.84390625 1.0
-121.346 462.73267 -203.03937 48 16 0.84390625 1.0
-131.06277 481.43863 -221.71712 48 16 0.84390625 1.0
-141.1886 499.9303 -240.54083 48 16 0.84390625 1.0
-151.67621 518.3688 -259.41278 48 16 0.84390625 1.0
-162.50345 536.8096 -278.2206 48 16 0.84390625 1.0
-173.77332 554.8998 -297.32843 48 16 0.84390625 1.0
-185.42955 572.82336 -315.9395 48 16 0.84390625 1.0
-197.45328 590.62823 -335.2636 48 16 0.84390625 1.0
-209.86404 608.244 -354.20627 48 16 0.84390625 1.0
-222.69447 625.5713 -373.31592 48 16 0.84390625 1.0
-235.90411 642.7205 -392.47733 48 16 0.84390625 1.0
-249.58737 659.4319 -411.84457 48 16 0.84390625 1.0
-263.5102 676.31775 -431.0725 48 16 0.84390625 1.0
-277.8699 692.84454 -450.47568 48 16 0.84390625 1.0
-292.6638 709.0215 -470.0092 48 16 0.84390625 1.0
-307.87463 724.8902 -489.31976 48 16 0.84390625 1.0
-323.38467 740.71747 -509.0688 48 16 0.84390625 1.0
-339.28094 756.2839 -528.81995 48 16 0.84390625 1.0
-355.60315 771.4943 -548.46094 48 16 0.84390625 1.0
-99.844505 83.376236 158.42676 49 3 0.03140625 0.34359375000000003
-115.73667 96.44556 164.41737 49 3 0.03140625 0.34359375000000003
-147.36436 122.847595 176.49525 49 3 0.03140625 0.34359375000000003
-163.18144 136.10963 182.48341 49 3 0.03140625 0.34359375000000003
-178.66502 149.69064 188.48392 49 3 0.03140625 0.34359375000000003
-224.70033 191.0108 206.36684 49 3 0.03140625 0.34359375000000003
-239.81802 205.04654 212.70403 49 3 0.03140625 0.34359375000000003
-254.77536 219.25143 218.67873 49 3 0.03140625 0.34359375000000003
-269.64383 233.56305 224.84108 49 3 0.03140625 0.34359375000000003
-284.60574 247.82065 230.84602 49 3 0.03140625 0.34359375000000003
-299.07788 262.53116 236.65543 49 3 0.03140625 0.34359375000000003
-313.4745 277.33386 242.83844 49 3 0.03140625 0.34359375000000003
-328.03836 292.01062 248.7905 49 3 0.03140625 0.34359375000000003
-342.28668 306.98743 255.04182 49 3 0.03140625 0.34359375000000003
-356.6556 321.87302 260.93332 49 3 0.03140625 0.34359375000000003
-370.72244 337.04562 266.9505 49 3 0.03140625 0.34359375000000003
-384.58258 352.42014 273.177 49 3 0.03140625 0.34359375000000003
-398.46902 367.7818 279.24103 49 3 0.03140625 0.34359375000000003
-412.2329 383.26465 285.25107 49 3 0.03140625 0.34359375000000003
-425.68393 399.04553 291.21 49 3 0.03140625 0.34359375000000003
-439.1725 414.7963 297.2171 49 3 0.03140625 0.34359375000000003
-452.62802 430.57907 303.43466 49 3 0.03140625 0.34359375000000003
-465.78622 446.6439 309.3269 49 3 0.03140625 0.34359375000000003
-478.8513 462.79575 315.4123 49 3 0.03140625 0.34359375000000003
-491.9325 478.92603 321.45123 49 3 0.03140625 0.34359375000000003
-504.63013 495.42227 327.673 49 3 0.03140625 0.34359375000000003
-517.3773 511.86044 333.60928 49 3 0.03140625 0.34359375000000003
-529.95166 528.45654 339.78107 49 3 0.03140625 0.34359375000000003
-542.5544 545.008 345.91092 49 3 0.03140625 0.34359375000000003
-554.8689 561.82996 351.8386 49 3 0.03140625 0.34359375000000003
-567.0359 578.7811 358.0173 49 3 0.03140625 0.34359375000000003
-578.99176 595.9257 364.18155 49 3 0.03140625 0.34359375000000003
-77.91992 127.714455 87.3021 50 10 0.46890624999999997 0.78109375
-87.81632 145.83298 71.12964 50 10 0.46890624999999997 0.78109375
-97.724434 163.82065 54.877357 50 10 0.46890624999999997 0.78109375
-107.4721 181.96252 38.662727 50 10 0.46890624999999997 0.78109375
-117.042694 200.28906 22.455114 50 10 0.46890624999999997 0.78109375
-126.610016 218.50299 6.198128 50 10 0.46890624999999997 0.78109375
-136.07158 236.77724 -10.22227 50 10 0.46890624999999997 0.78109375
-145.41522 255.13246 -26.17109 50 10 0.46890624999999997 0.78109375
-154.6419 273.56674 -42.55233 50 10 0.46890624999999997 0.78109375
-163.72723 292.12332 -58.824844 50 10 0.46890624999999997 0.78109375
-172.78394 310.60028 -75.07879 50 10 0.46890624999999997 0.78109375
-181.70949 329.1793 -91.15575 50 10 0.46890624999999997 0.78109375
-190.5138 347.84253 -107.3038 50 10 0.46890624999999997 0.78109375
-199.23987 366.5107 -123.70502 50 10 0.46890624999999997 0.78109375
-207.86986 385.21494 -139.8085 50 10 0.46890624999999997 0.78109375
-216.42511 403.91403 -156.19612 50 10 0.46890624999999997 0.78109375
-224.76445 422.87146 -172.51178 50 10 0.46890624999999997 0.78109375
-233.12932 441.63336 -188.58936 50 10 0.46890624999999997 0.78109375
-241.26755 460.67474 -204.89789 50 10 0.46890624999999997 0.78109375
-249.37695 479.61935 -221.24794 50 10 0.46890624999999997 0.78109375
-257.38516 498.60318 -237.51057 50 10 0.46890624999999997 0.78109375
-265.15872 517.8856 -253.88574 50 10 0.46890624999999997 0.78109375
-273.0014 536.8739 -270.02765 50 10 0.46890624999999997 0.78109375
-280.59094 556.19794 -286.41153 50 10 0.46890624999999997 0.78109375
-288.1015 575.51544 -302.5561 50 10 0.46890624999999997 0.78109375
-295.64206 594.60516 -319.05362 50 10 0.46890624999999997 0.78109375
-302.99197 613.9071 -335.03098 50 10 0.46890624999999997 0.78109375
-310.20593 633.3122 -351.4275 50 10 0.46890624999999997 0.78109375
-317.32523 652.736 -367.7157 50 10 0.46890624999999997 0.78109375
-324.3953 672.0827 -384.06805 50 10 0.46890624999999997 0.78109375
-331.2404 691.7155 -400.2792 50 10 0.46890624999999997 0.78109375
-338.05222 711.2356 -416.69205 50 10 0.46890624999999997 0.78109375
-344.71616 730.8814 -433.00415 50 10 0.46890624999999997 0.78109375
-351.36633 750.3671 -449.24182 50 10 0.46890624999999997 0.78109375
-357.75787 770.21436 -465.449 50 10 0.46890624999999997 0.78109375
-103.1402 -80.68194 24.073236 51 0 0.0 0.15609375
-120.82951 -91.24008 8.863116 51 0 0.0 0.15609375
-138.64584 -101.574425 -6.416128 51 0 0.0 0.15609375
-156.67928 -111.61654 -21.562048 51 0 0.0 0.15609375
-174.74521 -121.49547 -36.535847 51 0 0.0 0.15609375
-193.17824 -130.97551 -51.73559 51 0 0.0 0.15609375
-211.54263 -140.3529 -67.19815 51 0 0.0 0.15609375
-230.12924 -149.4265 -82.36744 51 0 0.0 0.15609375
-248.8334 -158.26323 -97.37544 51 0 0.0 0.15609375
-267.6681 -166.8512 -112.53466 51 0 0.0 0.15609375
-286.6763 -175.16095 -127.86021 51 0 0.0 0.15609375
-305.79846 -183.2266 -143.11536 51 0 0.0 0.15609375
-324.96185 -191.08731 -158.53813 51 0 0.0 0.15609375
-344.11514 -198.76685 -173.68231 51 0 0.0 0.15609375
-363.64493 -206.03893 -188.9605 51 0 0.0 0.15609375
-383.1285 -213.14365 -204.15787 51 0 0.0 0.15609375
-402.9084 -219.88599 -219.68921 51 0 0.0 0.15609375
-422.70007 -226.42078 -235.10168 51 0 0.0 0.15609375
-442.8057 -232.58311 -250.33731 51 0 0.0 0.15609375
-462.6769 -238.65874 -265.48 51 0 0.0 0.15609375
-482.7715 -244.40297 -281.32678 51 0 0.0 0.15609375
-503.18942 -249.76653 -296.5054 51 0 0.0 0.15609375
-523.40076 -255.01082 -312.0704 51 0 0.0 0.15609375
-543.7449 -259.962 -327.48575 51 0 0.0 0.15609375
-564.219 -264.61935 -342.80185 51 0 0.0 0.15609375
-584.98865 -268.9047 -358.65973 51 0 0.0 0.15609375
-605.4619 -273.0873 -373.85 51 0 0.0 0.15609375
-626.211 -276.901 -389.36066 51 0 0.0 0.15609375
-647.2192 -280.35492 -405.1183 51 0 0.0 0.15609375
-668.0901 -283.61893 -420.59384 51 0 0.0 0.15609375
-689.2376 -286.51215 -436.23474 51 0 0.0 0.15609375
-710.2951 -289.18588 -451.807 51 0 0.0 0.15609375
-731.414 -291.57245 -467.6273 51 0 0.0 0.15609375
-752.7933 -293.59088 -483.3524 51 0 0.0 0.15609375
-774.03674 -295.3941 -499.14514 51 0 0.0 0.15609375
102.308525 109.08501 389.71597 52 5 0.15640625 0.46859375000000003
117.013405 123.50298 405.38446 52 5 0.15640625 0.46859375000000003
131.98283 137.64728 421.08078 52 5 0.15640625 0.46859375000000003
146.84828 151.90346 436.8042 52 5 0.15640625 0.46859375000000003
161.75533 166.11598 452.431 52 5 0.15640625 0.46859375000000003
176.94635 180.0363 468.0571 52 5 0.15640625 0.46859375000000003
192.15848 193.93379 483.77322 52 5 0.15640625 0.46859375000000003
207.39526 207.80252 499.55472 52 5 0.15640625 0.46859375000000003
222.7088 221.5884 515.22864 52 5 0.15640625 0.46859375000000003
238.2644 235.1272 530.854 52 5 0.15640625 0.46859375000000003
253.84673 248.63255 546.7268 52 5 0.15640625 0.46859375000000003
269.3057 262.24854 562.3825 52 5 0.15640625 0.46859375000000003
285.1432 275.4848 578.0142 52 5 0.15640625 0.46859375000000003
300.7512 288.9303 593.92017 52 5 0.15640625 0.46859375000000003
316.50327 302.22183 609.6099 52 5 0.15640625 0.46859375000000003
332.69894 315.07587 625.1448 52 5 0.15640625 0.46859375000000003
348.73715 328.0642 640.9497 52 5 0.15640625 0.46859375000000003
364.78876 341.02185 656.65106 52 5 0.15640625 0.46859375000000003
380.98676 353.82306 672.39343 52 5 0.15640625 0.46859375000000003
397.2918 366.50455 688.02344 52 5 0.15640625 0.46859375000000003
413.63504 379.12915 703.99036 52 5 0.15640625 0.46859375000000003
446.69 403.97153 735.3733 52 5 0.15640625 0.46859375000000003
463.1367 416.4275 751.15753 52 5 0.15640625 0.46859375000000003
479.7616 428.6952 766.9778 52 5 0.15640625 0.46859375000000003
496.50876 440.82513 782.7973 52 5 0.15640625 0.46859375000000003
513.37555 452.81967 798.3733 52 5 0.15640625 0.46859375000000003
530.12787 464.88376 814.2674 52 5 0.15640625 0.46859375000000003
547.35034 476.50446 830.15283 52 5 0.15640625 0.46859375000000003
564.43915 488.2098 845.67584 52 5 0.15640625 0.46859375000000003
581.56476 499.849 861.5057 52 5 0.15640625 0.46859375000000003
598.7817 511.374 877.2682 52 5 0.15640625 0.46859375000000003
616.0872 522.7866 893.1808 52 5 0.15640625 0.46859375000000003
633.50885 534.063 908.923 52 5 0.15640625 0.46859375000000003
651.0012 545.2411 924.6439 52 5 0.15640625 0.46859375000000003
103.87262 -106.056915 376.66992 53 14 0.71890625 1.0
118.66595 -120.38199 388.3657 53 14 0.71890625 1.0
133.7181 -134.44382 400.13168 53 14 0.71890625 1.0
148.77707 -148.49693 411.74564 53 14 0.71890625 1.0
163.87466 -162.50723 423.39813 53 14 0.71890625 1.0
179.26492 -176.2228 434.99005 53 14 0.71890625 1.0
194.61455 -189.97285 446.75177 53 14 0.71890625 1.0
209.88715 -203.78934 458.6676 53 14 0.71890625 1.0
240.94194 -230.89601 481.99957 53 14 0.71890625 1.0
272.40088 -257.56674 505.24228 53 14 0.71890625 1.0
288.06897 -270.9375 517.1549 53 14 0.71890625 1.0
304.1123 -283.9391 528.84186 53 14 0.71890625 1.0
319.9494 -297.11557 540.617 53 14 0.71890625 1.0
336.2031 -309.88666 552.3871 53 14 0.71890625 1.0
352.22092 -322.85532 563.95685 53 14 0.71890625 1.0
368.46973 -335.59003 575.6154 53 14 0.71890625 1.0
384.88617 -348.15002 587.59546 53 14 0.71890625 1.0
401.27396 -360.71234 599.22064 53 14 0.71890625 1.0
417.65146 -373.258 610.85046 53 14 0.71890625 1.0
434.3549 -385.48615 622.6497 53 14 0.71890625 1.0
451.01764 -397.72348 634.4196 53 14 0.71890625 1.0
467.65738 -409.9518 646.1854 53 14 0.71890625 1.0
484.46542 -422.0019 657.92145 53 14 0.71890625 1.0
501.2082 -434.07666 669.6823 53 14 0.71890625 1.0
518.27734 -445.83606 681.3196 53 14 0.71890625 1.0
535.41455 -457.50418 693.07227 53 14 0.71890625 1.0
552.4388 -469.23386 705.0498 53 14 0.71890625 1.0
569.7671 -480.66916 716.7492 53 14 0.71890625 1.0
586.9029 -492.22943 728.27454 53 14 0.71890625 1.0
604.2094 -503.60696 740.25275 53 14 0.71890625 1.0
639.18713 -525.9379 763.9465 53 14 0.71890625 1.0
656.7968 -536.9415 775.4961 53 14 0.71890625 1.0
121.51391 42.51054 -113.20239 54 2 0.0 0.28109375000000003
140.74188 50.00857 -101.624146 54 2 0.0 0.28109375000000003
159.80809 57.662918 -89.833855 54 2 0.0 0.28109375000000003
179.06798 65.34518 -78.09829 54 2 0.0 0.28109375000000003
198.03131 73.23299 -66.57258 54 2 0.0 0.28109375000000003
216.92455 81.24464 -54.772064 54 2 0.0 0.28109375000000003
236.01547 89.278694 -43.040104 54 2 0.0 0.28109375000000003
254.86984 97.49786 -31.440706 54 2 0.0 0.28109375000000003
273.77963 105.79123 -19.610401 54 2 0.0 0.28109375000000003
292.56372 114.22792 -8.050157 54 2 0.0 0.28109375000000003
311.2364 122.802864 3.8857098 54 2 0.0 0.28109375000000003
329.84717 131.49666 15.27472 54 2 0.0 0.28109375000000003
348.6235 140.2176 27.17058 54 2 0.0 0.28109375000000003
385.85428 158.065 50.620277 54 2 0.0 0.28109375000000003
404.36578 167.16838 62.346657 54 2 0.0 0.28109375000000003
422.9263 176.34195 73.986984 54 2 0.0 0.28109375000000003
441.1394 185.75107 85.51883 54 2 0.0 0.28109375000000003
459.60184 195.14523 97.37706 54 2 0.0 0.28109375000000003
477.96072 204.67184 109.01375 54 2 0.0 0.28109375000000003
496.10263 214.38007 120.686386 54 2 0.0 0.28109375000000003
514.3785 224.11841 132.31645 54 2 0.0 0.28109375000000003
532.5755 233.97784 144.53096 54 2 0.0 0.28109375000000003
550.48114 244.05246 155.91528 54 2 0.0 0.28109375000000003
568.51434 254.15726 167.67589 54 2 0.0 0.28109375000000003
586.57513 264.33484 179.30428 54 2 0.0 0.28109375000000003
604.5714 274.62567 190.99586 54 2 0.0 0.28109375000000003
622.31067 285.1176 202.96703 54 2 0.0 0.28109375000000003
640.22217 295.61426 214.4319 54 2 0.0 0.28109375000000003
658.1463 306.18692 226.26091 54 2 0.0 0.28109375000000003
675.724 317.00284 238.11581 54 2 0.0 0.28109375000000003
693.3015 327.90106 249.91603 54 2 0.0 0.28109375000000003
710.78296 338.92618 261.7948 54 2 0.0 0.28109375000000003
745.6823 361.24826 285.34415 54 2 0.0 0.28109375000000003
140.54231 44.716194 82.02599 55 1 0.0 0.21859375
160.5336 49.140335 95.399284 55 1 0.0 0.21859375
180.70993 53.301857 108.79146 55 1 0.0 0.21859375
201.32494 57.13205 122.27534 55 1 0.0 0.21859375
221.40561 60.908627 135.8611 55 1 0.0 0.21859375
241.63904 64.43149 149.17833 55 1 0.0 0.21859375
262.0117 67.70608 162.52318 55 1 0.0 0.21859375
282.48602 70.743164 176.15553 55 1 0.0 0.21859375
302.9603 73.56783 189.73618 55 1 0.0 0.21859375
323.26053 76.21918 203.17564 55 1 0.0 0.21859375
343.8408 78.58791 216.43661 55 1 0.0 0.21859375
364.42688 80.73902 230.04237 55 1 0.0 0.21859375
385.08655 82.65639 243.59734 55 1 0.0 0.21859375
405.87137 84.32917 257.03223 55 1 0.0 0.21859375
426.45346 85.82429 270.47568 55 1 0.0 0.21859375
447.00894 87.10193 284.01584 55 1 0.0 0.21859375
467.68106 88.133194 297.74222 55 1 0.0 0.21859375
488.5871 88.89758 311.03973 55 1 0.0 0.21859375
509.18054 89.494225 324.7411 55 1 0.0 0.21859375
529.94244 89.83442 338.07483 55 1 0.0 0.21859375
550.96765 89.90458 351.61044 55 1 0.0 0.21859375
571.6084 89.810135 365.42456 55 1 0.0 0.21859375
592.47595 89.45055 378.97415 55 1 0.0 0.21859375
613.4 88.853546 392.64575 55 1 0.0 0.21859375
634.17926 88.04703 406.4142 55 1 0.0 0.21859375
655.04193 86.997025 420.01605 55 1 0.0 0.21859375
676.0329 85.69837 433.4059 55 1 0.0 0.21859375
717.8515 82.42353 460.90894 55 1 0.0 0.21859375
738.7794 80.43269 474.43912 55 1 0.0 0.21859375
759.507 78.227356 488.4048 55 1 0.0 0.21859375
780.3937 75.76829 501.93683 55 1 0.0 0.21859375
801.40155 73.06102 515.6969 55 1 0.0 0.21859375
822.05774 70.147354 529.43414 55 1 0.0 0.21859375
842.97876 66.97145 543.3044 55 1 0.0 0.21859375
-59.140568 136.2761 -130.98184 56 13 0.65640625 0.96859375
-66.85598 155.35641 -127.24781 56 13 0.65640625 0.96859375
-74.21419 174.62292 -123.297104 56 13 0.65640625 0.96859375
-81.20465 194.09203 -119.64868 56 13 0.65640625 0.96859375
-87.83203 213.74507 -115.600105 56 13 0.65640625 0.96859375
-94.190834 233.3401 -111.82435 56 13 0.65640625 0.96859375
-100.07742 253.3701 -108.02229 56 13 0.65640625 0.96859375
-105.749985 273.17667 -104.26182 56 13 0.65640625 0.96859375
-111.04938 293.14594 -100.14282 56 13 0.65640625 0.96859375
-115.92834 313.39734 -96.28453 56 13 0.65640625 0.96859375
-120.4627 333.72128 -92.512535 56 13 0.65640625 0.96859375
-124.642654 354.1311 -88.65276 56 13 0.65640625 0.96859375
-128.4551 374.65134 -84.94497 56 13 0.65640625 0.96859375
-131.89534 395.28442 -81.00629 56 13 0.65640625 0.96859375
-134.9669 416.00815 -77.19911 56 13 0.65640625 0.96859375
-137.66176 436.83493 -72.98386 56 13 0.65640625 0.96859375
-140.04517 457.5394 -69.4205 56 13 0.65640625 0.96859375
-141.95486 478.63553 -65.36855 56 13 0.65640625 0.96859375
-143.49115 499.79056 -61.282406 56 13 0.65640625 0.96859375
-144.69478 520.8416 -57.40426 56 13 0.65640625 0.96859375
-145.49892 542.0045 -53.484364 56 13 0.65640625 0.96859375
-145.89082 563.318 -49.521347 56 13 0.65640625 0.96859375
-145.91367 584.60315 -45.64795 56 13 0.65640625 0.96859375
-145.58112 605.7766 -41.71291 56 13 0.65640625 0.96859375
-144.82117 627.11304 -37.52438 56 13 0.65640625 0.96859375
-143.66115 648.4857 -33.68195 56 13 0.65640625 0.96859375
-142.08502 669.95105 -29.593674 56 13 0.65640625 0.96859375
-140.10129 691.4551 -25.672503 56 13 0.65640625 0.96859375
-137.75272 712.7569 -21.671938 56 13 0.65640625 0.96859375
-134.92505 734.42145 -17.658993 56 13 0.65640625 0.96859375
-131.72847 755.8492 -13.589615 56 13 0.65640625 0.96859375
-128.0778 777.4894 -9.374461 56 13 0.65640625 0.96859375
-124.03052 798.98303 -5.4020166 56 13 0.65640625 0.96859375
-119.56791 820.40155 -1.3618836 56 13 0.65640625 0.96859375
-114.63609 842.09546 2.7842228 56 13 0.65640625 0.96859375
-42.47893 -123.21784 331.0235 57 5 0.15640625 0.46859375000000003
-48.473866 -142.7137 338.07834 57 5 0.15640625 0.46859375000000003
-54.099964 -162.61273 345.23682 57 5 0.15640625 0.46859375000000003
-59.480247 -182.55151 352.21423 57 5 0.15640625 0.46859375000000003
-64.57649 -202.64156 359.37256 57 5 0.15640625 0.46859375000000003
-69.537926 -222.404 366.47305 57 5 0.15640625 0.46859375000000003
-74.14682 -242.51875 373.76898 57 5 0.15640625 0.46859375000000003
-78.41806 -262.94943 380.6722 57 5 0.15640625 0.46859375000000003
-82.48638 -283.24515 387.78357 57 5 0.15640625 0.46859375000000003
-86.24489 -303.76074 395.0016 57 5 0.15640625 0.46859375000000003
-89.857704 -323.90988 402.173 57 5 0.15640625 0.46859375000000003
-93.15061 -344.29724 409.2426 57 5 0.15640625 0.46859375000000003
-96.114716 -364.9642 416.28958 57 5 0.15640625 0.46859375000000003
-98.854614 -385.51437 423.3287 57 5 0.15640625 0.46859375000000003
-101.29852 -406.21423 430.59882 57 5 0.15640625 0.46859375000000003
-103.45981 -427.0101 437.75967 57 5 0.15640625 0.46859375000000003
-105.42508 -447.53128 444.9817 57 5 0.15640625 0.46859375000000003
-107.08809 -468.2059 452.20703 57 5 0.15640625 0.46859375000000003
-108.47215 -488.93152 459.07214 57 5 0.15640625 0.46859375000000003
-109.54991 -509.82867 466.61554 57 5 0.15640625 0.46859375000000003
-110.34282 -530.79956 473.66983 57 5 0.15640625 0.46859375000000003
-110.88595 -551.6653 480.8236 57 5 0.15640625 0.46859375000000003
-111.10837 -572.76825 488.01202 57 5 0.15640625 0.46859375000000003
-111.07743 -593.7627 495.29517 57 5 0.15640625 0.46859375000000003
-110.78375 -614.67596 502.5727 57 5 0.15640625 0.46859375000000003
-110.20425 -635.6193 509.7789 57 5 0.15640625 0.46859375000000003
-109.29813 -656.8292 517.15796 57 5 0.15640625 0.46859375000000003
-108.12595 -677.94794 524.3207 57 5 0.15640625 0.46859375000000003
-106.71825 -698.75055 531.4444 57 5 0.15640625 0.46859375000000003
-104.94718 -720.05646 538.7656 57 5 0.15640625 0.46859375000000003
-102.92437 -741.1237 546.1506 57 5 0.15640625 0.46859375000000003
-100.61389 -762.1741 553.31665 57 5 0.15640625 0.46859375000000003
-97.97464 -783.5199 560.82227 57 5 0.15640625 0.46859375000000003
-95.07493 -804.6213 568.13446 57 5 0.15640625 0.46859375000000003
-91.87641 -825.7636 575.47235 57 5 0.15640625 0.46859375000000003
119.863304 -4.7591248 79.55885 58 8 0.34390624999999997 0.65609375
140.56738 -3.632944 81.30718 58 8 0.34390624999999997 0.65609375
161.32208 -2.7443066 83.31833 58 8 0.34390624999999997 0.65609375
181.48233 -2.100164 85.27232 58 8 0.34390624999999997 0.65609375
202.23367 -1.6839908 87.17809 58 8 0.34390624999999997 0.65609375
222.98392 -1.5051581 89.01774 58 8 0.34390624999999997 0.65609375
243.26663 -1.5663418 91.1146 58 8 0.34390624999999997 0.65609375
264.14594 -1.8608289 92.69634 58 8 0.34390624999999997 0.65609375
284.89206 -2.3934035 94.8181 58 8 0.34390624999999997 0.65609375
305.385 -3.1659062 96.94192 58 8 0.34390624999999997 0.65609375
325.89838 -4.1768036 98.78489 58 8 0.34390624999999997 0.65609375
346.79318 -5.420714 100.64734 58 8 0.34390624999999997 0.65609375
367.5738 -6.9036803 102.33256 58 8 0.34390624999999997 0.65609375
408.75296 -10.59258 106.44835 58 8 0.34390624999999997 0.65609375
429.25244 -12.7985735 108.23717 58 8 0.34390624999999997 0.65609375
449.85318 -15.241269 110.32882 58 8 0.34390624999999997 0.65609375
470.54053 -17.920046 112.348755 58 8 0.34390624999999997 0.65609375
491.06805 -20.84424 114.27748 58 8 0.34390624999999997 0.65609375
511.74335 -24.001492 116.24284 58 8 0.34390624999999997 0.65609375
532.1884 -27.409176 118.2583 58 8 0.34390624999999997 0.65609375
552.50397 -31.064705 120.131676 58 8 0.34390624999999997 0.65609375
593.7087 -39.06282 124.002625 58 8 0.34390624999999997 0.65609375
614.1322 -43.43231 126.0231 58 8 0.34390624999999997 0.65609375
634.6111 -48.037468 128.07053 58 8 0.34390624999999997 0.65609375
654.68024 -52.914677 129.79825 58 8 0.34390624999999997 0.65609375
675.1219 -58.0026 131.84402 58 8 0.34390624999999997 0.65609375
695.49164 -63.33553 133.755 58 8 0.34390624999999997 0.65609375
715.54254 -68.93784 135.76985 58 8 0.34390624999999997 0.65609375
776.138 -87.14147 141.59486 58 8 0.34390624999999997 0.65609375
796.3769 -93.68137 143.78545 58 8 0.34390624999999997 0.65609375
816.16595 -100.513336 145.61217 58 8 0.34390624999999997 0.65609375
-138.02823 -56.15367 -240.38211 59 11 0.53140625 0.84359375
-156.74931 -64.943565 -251.15721 59 11 0.53140625 0.84359375
-175.21408 -73.91245 -261.8414 59 11 0.53140625 0.84359375
-193.708 -82.942116 -272.54218 59 11 0.53140625 0.84359375
-212.00941 -92.12704 -283.34894 59 11 0.53140625 0.84359375
-230.70988 -101.209496 -293.86206 59 11 0.53140625 0.84359375
-248.96066 -110.55938 -304.62692 59 11 0.53140625 0.84359375
-267.42346 -119.88539 -315.25748 59 11 0.53140625 0.84359375
-285.53033 -129.44109 -326.1429 59 11 0.53140625 0.84359375
-303.96057 -138.91953 -336.82324 59 11 0.53140625 0.84359375
-322.064 -148.61581 -347.5156 59 11 0.53140625 0.84359375
-340.2126 -158.35997 -358.06857 59 11 0.53140625 0.84359375
-394.3161 -188.1584 -390.3576 59 11 0.53140625 0.84359375
-412.5504 -198.12839 -400.988 59 11 0.53140625 0.84359375
-448.42285 -218.54979 -422.46463 59 11 0.53140625 0.84359375
-466.13617 -228.96693 -433.26535 59 11 0.53140625 0.84359375
-501.53653 -250.00876 -454.47577 59 11 0.53140625 0.84359375
-519.31946 -260.58386 -465.34412 59 11 0.53140625 0.84359375
-536.93317 -271.3066 -476.02878 59 11 0.53140625 0.84359375
-554.44775 -282.14227 -486.8577 59 11 0.53140625 0.84359375
-572.0467 -292.99707 -497.64343 59 11 0.53140625 0.84359375
-606.92456 -315.05478 -519.18097 59 11 0.53140625 0.84359375
-624.31885 -326.19788 -529.7285 59 11 0.53140625 0.84359375
-641.82745 -337.3407 -540.5164 59 11 0.53140625 0.84359375
-676.16986 -360.15945 -562.0594 59 11 0.53140625 0.84359375
-693.3407 -371.65762 -572.923 59 11 0.53140625 0.84359375
-710.393 -383.27765 -583.4415 59 11 0.53140625 0.84359375
-727.5453 -394.9013 -594.2429 59 11 0.53140625 0.84359375
-744.6793 -406.59122 -604.9384 59 11 0.53140625 0.84359375
-136.29184 -6.7869964 169.66269 60 7 0.28140624999999997 0.59359375
-156.84299 -7.6024933 163.40375 60 7 0.28140624999999997 0.59359375
-177.37779 -8.313485 157.33464 60 7 0.28140624999999997 0.59359375
-198.17017 -8.90745 151.10663 60 7 0.28140624999999997 0.59359375
-218.72166 -9.407276 144.93434 60 7 0.28140624999999997 0.59359375
-239.13628 -9.807197 139.1011 60 7 0.28140624999999997 0.59359375
-280.42548 -10.271503 126.46715 60 7 0.28140624999999997 0.59359375
-300.83148 -10.353883 120.27444 60 7 0.28140624999999997 0.59359375
-321.63162 -10.3171215 114.13604 60 7 0.28140624999999997 0.59359375
-342.02985 -10.187591 108.06857 60 7 0.28140624999999997 0.59359375
-362.8119 -9.940874 101.89684 60 7 0.28140624999999997 0.59359375
-383.46143 -9.592567 95.69952 60 7 0.28140624999999997 0.59359375
-424.5958 -8.582509 83.44703 60 7 0.28140624999999997 0.59359375
-445.09183 -7.9196763 77.15449 60 7 0.28140624999999997 0.59359375
-465.7541 -7.147849 71.06443 60 7 0.28140624999999997 0.59359375
-486.5486 -6.268653 65.06866 60 7 0.28140624999999997 0.59359375
-506.9978 -5.2880187 58.7505 60 7 0.28140624999999997 0.59359375
-527.4088 -4.200924 52.54085 60 7 0.28140624999999997 0.59359375
-548.30493 -3.0041935 46.390476 60 7 0.28140624999999997 0.59359375
-568.789 -1.7041116 40.279427 60 7 0.28140624999999997 0.59359375
-589.3709 -0.29733557 34.102566 60 7 0.28140624999999997 0.59359375
-610.05035 1.2154115 27.892485 60 7 0.28140624999999997 0.59359375
-651.3942 4.5580516 15.539349 60 7 0.28140624999999997 0.59359375
-671.6226 6.39216 9.363919 60 7 0.28140624999999997 0.59359375
-712.8892 10.372382 -2.9159272 60 7 0.28140624999999997 0.59359375
-733.318 12.524789 -9.183111 60 7 0.28140624999999997 0.59359375
-754.19855 14.775219 -15.334965 60 7 0.28140624999999997 0.59359375
-774.5472 17.141983 -21.488325 60 7 0.28140624999999997 0.59359375
-795.1105 19.61068 -27.802763 60 7 0.28140624999999997 0.59359375
-815.6227 22.186872 -33.959995 60 7 0.28140624999999997 0.59359375
-836.0772 24.871105 -40.18473 60 7 0.28140624999999997 0.59359375
139.62376 -28.292929 -17.49355 61 1 0.0 0.21859375
159.10983 -34.81552 -18.623032 61 1 0.0 0.21859375
178.83728 -41.48453 -19.847174 61 1 0.0 0.21859375
198.276 -48.417072 -21.202017 61 1 0.0 0.21859375
236.81075 -62.961 -24.243956 61 1 0.0 0.21859375
255.73573 -70.6201 -25.35386 61 1 0.0 0.21859375
274.92432 -78.40133 -26.704943 61 1 0.0 0.21859375
293.89648 -86.435394 -27.881231 61 1 0.0 0.21859375
312.98874 -94.62313 -29.388496 61 1 0.0 0.21859375
331.75693 -103.09642 -30.855415 61 1 0.0 0.21859375
350.7226 -111.69393 -32.10475 61 1 0.0 0.21859375
369.3364 -120.58727 -33.43652 61 1 0.0 0.21859375
387.89575 -129.68214 -34.793404 61 1 0.0 0.21859375
406.44003 -138.9632 -36.235466 61 1 0.0 0.21859375
424.79837 -148.48729 -37.587437 61 1 0.0 0.21859375
443.29074 -158.14119 -38.95764 61 1 0.0 0.21859375
461.51562 -168.06491 -40.253635 61 1 0.0 0.21859375
479.63446 -178.20113 -41.757023 61 1 0.0 0.21859375
497.64252 -188.55058 -43.078033 61 1 0.0 0.21859375
515.5694 -199.10088 -44.370667 61 1 0.0 0.21859375
533.4274 -209.84549 -45.96022 61 1 0.0 0.21859375
551.17096 -220.80069 -46.936447 61 1 0.0 0.21859375
568.7485 -231.9864 -48.54228 61 1 0.0 0.21859375
586.2926 -243.3476 -49.86051 61 1 0.0 0.21859375
603.7208 -254.91614 -51.377487 61 1 0.0 0.21859375
620.8409 -266.7734 -52.674885 61 1 0.0 0.21859375
637.9469 -278.79373 -53.93431 61 1 0.0 0.21859375
671.79767 -303.45343 -56.659508 61 1 0.0 0.21859375
688.93 -315.91232 -58.03392 61 1 0.0 0.21859375
705.60345 -328.72586 -59.57458 61 1 0.0 0.21859375
721.9998 -341.81393 -60.730328 61 1 0.0 0.21859375
738.5698 -354.96173 -62.109116 61 1 0.0 0.21859375
-57.782063 -118.27416 127.23078 62 10 0.46890624999999997 0.78109375
-64.56012 -137.71138 117.1199 62 10 0.46890624999999997 0.78109375
-71.20857 -157.16864 106.83753 62 10 0.46890624999999997 0.78109375
-77.79283 -176.49326 96.680305 62 10 0.46890624999999997 0.78109375
-84.02468 -196.34271 86.41522 62 10 0.46890624999999997 0.78109375
-90.229416 -215.97414 76.10889 62 10 0.46890624999999997 0.78109375
-96.29684 -235.63548 66.12068 62 10 0.46890624999999997 0.78109375
-102.195145 -255.40367 55.744568 62 10 0.46890624999999997 0.78109375
-107.90503 -275.33005 45.460052 62 10 0.46890624999999997 0.78109375
-113.54556 -295.1099 35.31956 62 10 0.46890624999999997 0.78109375
-119.01843 -314.99072 24.955057 62 10 0.46890624999999997 0.78109375
-124.32535 -334.9694 14.736308 62 10 0.46890624999999997 0.78109375
-129.48343 -355.00012 4.472254 62 10 0.46890624999999997 0.78109375
-134.58813 -374.81567 -5.46635 62 10 0.46890624999999997 0.78109375
-139.45183 -394.93274 -16.046234 62 10 0.46890624999999997 0.78109375
-144.19177 -415.0252 -25.987762 62 10 0.46890624999999997 0.78109375
-148.77852 -435.1741 -36.241806 62 10 0.46890624999999997 0.78109375
-153.22182 -455.34958 -46.600872 62 10 0.46890624999999997 0.78109375
-157.48814 -475.6504 -56.87402 62 10 0.46890624999999997 0.78109375
-161.65672 -495.83582 -67.20097 62 10 0.46890624999999997 0.78109375
-165.6542 -516.1253 -77.423485 62 10 0.46890624999999997 0.78109375
-169.53789 -536.33887 -87.605446 62 10 0.46890624999999997 0.78109375
-173.19406 -556.83496 -98.03353 62 10 0.46890624999999997 0.78109375
-176.72871 -577.2773 -108.29538 62 10 0.46890624999999997 0.78109375
-180.10172 -597.7929 -118.48313 62 10 0.46890624999999997 0.78109375
-183.39346 -618.11066 -128.74644 62 10 0.46890624999999997 0.78109375
-186.50548 -638.5547 -138.99594 62 10 0.46890624999999997 0.78109375
-189.43756 -659.1285 -149.47089 62 10 0.46890624999999997 0.78109375
-192.25075 -679.61896 -159.57703 62 10 0.46890624999999997 0.78109375
-194.90286 -700.17 -169.93465 62 10 0.46890624999999997 0.78109375
-197.34747 -720.9508 -180.14372 62 10 0.46890624999999997 0.78109375
-199.66408 -741.6742 -190.59978 62 10 0.46890624999999997 0.78109375
-201.87895 -762.23425 -200.93684 62 10 0.46890624999999997 0.78109375
-203.91924 -782.8992 -211.46255 62 10 0.46890624999999997 0.78109375
-205.78792 -803.65906 -221.58034 62 10 0.46890624999999997 0.78109375
4.396341 133.28487 -78.350746 63 2 0.0 0.28109375000000003
5.988059 153.76872 -61.197254 63 2 0.0 0.28109375000000003
7.4632335 174.42879 -44.43287 63 2 0.0 0.28109375000000003
8.846571 194.6864 -27.49696 63 2 0.0 0.28109375000000003
10.092372 215.56326 -10.796486 63 2 0.0 0.28109375000000003
11.255481 235.86269 6.1584325 63 2 0.0 0.28109375000000003
12.284414 256.67874 22.969185 63 2 0.0 0.28109375000000003
14.045377 297.63406 56.607376 63 2 0.0 0.28109375000000003
14.754947 318.24026 73.615005 63 2 0.0 0.28109375000000003
15.35118 338.92175 90.56871 63 2 0.0 0.28109375000000003
15.843187 359.47626 107.28569 63 2 0.0 0.28109375000000003
16.224632 380.0387 124.2848 63 2 0.0 0.28109375000000003
16.486689 400.82178 141.18668 63 2 0.0 0.28109375000000003
16.651718 421.28418 158.02066 63 2 0.0 0.28109375000000003
16.631021 462.7122 192.08372 63 2 0.0 0.28109375000000003
16.4647 483.15686 208.80167 63 2 0.0 0.28109375000000003
16.178986 503.8555 225.38239 63 2 0.0 0.28109375000000003
15.787752 524.39435 242.41562 63 2 0.0 0.28109375000000003
15.277423 545.2202 259.4158 63 2 0.0 0.28109375000000003
14.665175 565.7372 276.33514 63 2 0.0 0.28109375000000003
13.935437 586.5147 293.2837 63 2 0.0 0.28109375000000003
13.101571 607.0093 310.19183 63 2 0.0 0.28109375000000003
12.150018 627.82135 326.96515 63 2 0.0 0.28109375000000003
11.096405 648.15875 343.9557 63 2 0.0 0.28109375000000003
9.921978 669.06476 360.8146 63 2 0.0 0.28109375000000003
8.641409 689.67615 377.7559 63 2 0.0 0.28109375000000003
5.7478595 730.7311 411.777 63 2 0.0 0.28109375000000003
4.13152 751.6266 428.6027 63 2 0.0 0.28109375000000003
2.4064257 772.12524 445.58298 63 2 0.0 0.28109375000000003
-1.3787947 813.54974 479.56784 63 2 0.0 0.28109375000000003
-3.439491 833.8471 496.39328 63 2 0.0 0.28109375000000003
73.2479 -113.11738 143.56013 64 5 0.15640625 0.46859375000000003
92.60085 -149.38043 102.92792 64 5 0.15640625 0.46859375000000003
111.383545 -186.0755 61.795322 64 5 0.15640625 0.46859375000000003
120.66904 -204.40576 41.421356 64 5 0.15640625 0.46859375000000003
138.76224 -241.475 0.46085933 64 5 0.15640625 0.46859375000000003
147.60558 -260.15515 -20.085384 64 5 0.15640625 0.46859375000000003
156.41034 -278.75977 -40.658703 64 5 0.15640625 0.46859375000000003
165.07173 -297.4721 -60.740196 64 5 0.15640625 0.46859375000000003
173.66446 -316.1567 -81.67052 64 5 0.15640625 0.46859375000000003
182.0298 -335.10193 -102.07535 64 5 0.15640625 0.46859375000000003
190.40245 -353.87677 -122.31546 64 5 0.15640625 0.46859375000000003
198.5715 -372.86917 -142.96637 64 5 0.15640625 0.46859375000000003
206.66695 -391.8365 -163.28078 64 5 0.15640625 0.46859375000000003
214.6703 -410.8106 -183.89404 64 5 0.15640625 0.46859375000000003
222.49332 -429.9597 -204.41855 64 5 0.15640625 0.46859375000000003
230.27733 -449.01035 -224.82817 64 5 0.15640625 0.46859375000000003
237.91287 -468.17267 -245.21423 64 5 0.15640625 0.46859375000000003
245.34108 -487.56424 -266.0537 64 5 0.15640625 0.46859375000000003
252.76324 -506.78513 -286.63007 64 5 0.15640625 0.46859375000000003
259.91553 -526.362 -306.98627 64 5 0.15640625 0.46859375000000003
267.0799 -545.72626 -327.4912 64 5 0.15640625 0.46859375000000003
274.21005 -564.96484 -347.89853 64 5 0.15640625 0.46859375000000003
281.0445 -584.61566 -368.5866 64 5 0.15640625 0.46859375000000003
287.7992 -604.2343 -389.25156 64 5 0.15640625 0.46859375000000003
294.52325 -623.7134 -409.9183 64 5 0.15640625 0.46859375000000003
301.088 -643.32135 -430.35236 64 5 0.15640625 0.46859375000000003
307.47183 -663.106 -451.00513 64 5 0.15640625 0.46859375000000003
313.8785 -682.62634 -471.65088 64 5 0.15640625 0.46859375000000003
320.0992 -702.33105 -491.95605 64 5 0.15640625 0.46859375000000003
326.0766 -722.34973 -512.6601 64 5 0.15640625 0.46859375000000003
332.03384 -742.1896 -533.501 64 5 0.15640625 0.46859375000000003
337.7711 -762.2941 -553.705 64 5 0.15640625 0.46859375000000003
